shape_id,shape_pt_lat,shape_pt_lon,shape_pt_sequence
8910004,-26.8081046013,152.966115951,10001
8910004,-26.807742547,152.966125114,10002
8910004,-26.807707254,152.965790059,10003
8910004,-26.8076348592,152.965117937,10004
8910004,-26.8062423519,152.964077961,10005
8910004,-26.8060287647,152.96213407,10006
8910004,-26.8061334013,152.961769795,10007
8910004,-26.8059815957,152.961324104,10008
8910004,-26.8058098056,152.960447773,10009
8910004,-26.8058161256,152.960446764,10010
8910004,-26.8058432093,152.960436693,10011
8910004,-26.8058666798,152.960420586,10012
8910004,-26.8058883434,152.960400455,10013
8910004,-26.8059045882,152.960375294,10014
8910004,-26.8059163176,152.960346111,10015
8910004,-26.8059217261,152.960314917,10016
8910004,-26.8059217171,152.960282719,10017
8910004,-26.8059162913,152.960252535,10018
8910004,-26.8059081597,152.960232414,10019
8910004,-26.8059045456,152.96022336,10020
8910004,-26.8058882866,152.960198211,10021
8910004,-26.8058666115,152.960177088,10022
8910004,-26.805843132,152.960160998,10023
8910004,-26.8058160426,152.960150945,10024
8910004,-26.8057880524,152.960147936,10025
8910004,-26.8057600638,152.960150965,10026
8910004,-26.8057329801,152.960161036,10027
8910004,-26.8057086068,152.960177144,10028
8910004,-26.8057040937,152.960182176,10029
8910004,-26.8054511761,152.959792871,10030
8910004,-26.8049399756,152.959205442,10031
8910004,-26.8049399756,152.959205442,20001
8910004,-26.8037730566,152.957865642,20002
8910004,-26.8034840153,152.957470325,20003
8910004,-26.8033467096,152.957247008,20004
8910004,-26.8031082064,152.956780237,20005
8910004,-26.8029166414,152.956280247,20006
8910004,-26.802684378,152.955566969,20007
8910004,-26.8023680704,152.954627342,20008
8910004,-26.8020816861,152.954100231,20009
8910004,-26.801778172,152.953655634,20010
8910004,-26.8011549567,152.95297372,20011
8910004,-26.8007656654,152.952530171,20012
8910004,-26.8005109239,152.952149956,20013
8910004,-26.8003058506,152.951800912,20014
8910004,-26.8001287577,152.95142771,20015
8910004,-26.7999660928,152.951005202,20016
8910004,-26.7996199817,152.950128003,20017
8910004,-26.7993371088,152.949367492,20018
8910004,-26.7992231856,152.948922834,20019
8910004,-26.7991462247,152.948328246,20020
8910004,-26.7991458622,152.947344253,20021
8910004,-26.7992310197,152.945711266,20022
8910004,-26.799216421,152.945314858,20023
8910004,-26.7991286601,152.944848056,20024
8910004,-26.7990183808,152.944522124,20025
8910004,-26.7987626458,152.943966868,20026
8910004,-26.7983254222,152.943395605,20027
8910004,-26.7970924715,152.942127512,20028
8910004,-26.7962858293,152.941239532,20029
8910004,-26.7946020892,152.939431453,20030
8910004,-26.7943717015,152.939077433,20031
8910004,-26.7941909076,152.938575493,20032
8910004,-26.7941058845,152.938226428,20033
8910004,-26.7939929908,152.936116733,20034
8910004,-26.7940071712,152.935530178,20035
8910004,-26.79407116,152.935275603,20036
8910004,-26.79407116,152.935275603,30001
8910004,-26.7940783693,152.935245416,30002
8910004,-26.7942632563,152.934799616,30003
8910004,-26.7944472916,152.934467502,30004
8910004,-26.7947721538,152.934087013,30005
8910004,-26.7951683429,152.933706481,30006
8910004,-26.7957062616,152.933278577,30007
8910004,-26.7961312577,152.93272296,30008
8910004,-26.796413535,152.932040654,30009
8910004,-26.7964991567,152.93172368,30010
8910004,-26.7965981518,152.931058585,30011
8910004,-26.7966123107,152.930471011,30012
8910004,-26.7965559953,152.929788905,30013
8910004,-26.7964003674,152.92912296,30014
8910004,-26.7961553573,152.928470152,30015
8910004,-26.7956158547,152.927525765,30016
8910004,-26.7949987164,152.926617657,30017
8910004,-26.794615629,152.926109829,30018
8910004,-26.7941205989,152.925634272,30019
8910004,-26.7934413531,152.925110548,30020
8910004,-26.793059231,152.924730502,30021
8910004,-26.7924358507,152.924001514,30022
8910004,-26.7919552851,152.92357325,30023
8910004,-26.7910493296,152.922906841,30024
8910004,-26.7902599936,152.922515015,30025
8910004,-26.7899609995,152.922261695,30026
8910004,-26.7899609995,152.922261695,40001
8910004,-26.7894488248,152.921828439,40002
8910004,-26.7889403243,152.921510879,40003
8910004,-26.7883451724,152.921240666,40004
8910004,-26.787297586,152.920812823,40005
8910004,-26.7857263598,152.920448732,40006
8910004,-26.7854943096,152.920433803,40007
8910004,-26.7854943096,152.920433803,50001
8910004,-26.7852171139,152.920416895,50002
8910004,-26.7843530694,152.920448683,50003
8910004,-26.7839566576,152.920369486,50004
8910004,-26.7830228669,152.920003959,50005
8910004,-26.7821170114,152.919544862,50006
8910004,-26.7817493379,152.919196048,50007
8910004,-26.7813527164,152.918751689,50008
8910004,-26.7809849586,152.918260033,50009
8910004,-26.7807011676,152.917768319,50010
8910004,-26.7805600403,152.917292599,50011
8910004,-26.7800501441,152.914644277,50012
8910004,-26.7796538027,152.913201026,50013
8910004,-26.7794989896,152.912519106,50014
8910004,-26.7792014088,152.911663269,50015
8910004,-26.7790602313,152.911140284,50016
8910004,-26.7789176967,152.909903076,50017
8910004,-26.7788467853,152.909141629,50018
8910004,-26.7785925017,152.90825358,50019
8910004,-26.7784367928,152.907618954,50020
8910004,-26.7784123407,152.907505302,50021
8910004,-26.7784123407,152.907505302,60001
8910004,-26.7781261541,152.906175678,60002
8910004,-26.7778280775,152.90463784,60003
8910004,-26.7775879319,152.903338369,60004
8910004,-26.7770495569,152.901656905,60005
8910004,-26.7768660394,152.9013241,60006
8910004,-26.7766391706,152.900974232,60007
8910004,-26.7763410512,152.900736086,60008
8910004,-26.7759878552,152.90049799,60009
8910004,-26.7756617235,152.900228687,60010
8910004,-26.7754358117,152.899959298,60011
8910004,-26.7752938565,152.899673742,60012
8910004,-26.7751807252,152.899292599,60013
8910004,-26.775155269,152.899046172,60014
8910004,-26.775155269,152.899046172,70001
8910004,-26.7751243512,152.898738389,70002
8910004,-26.7752231913,152.898072384,70003
8910004,-26.7753219824,152.897343006,70004
8910004,-26.7753504831,152.896803808,70005
8910004,-26.7751665467,152.895914744,70006
8910004,-26.775123656,152.895297151,70007
8910004,-26.7752226211,152.894821261,70008
8910004,-26.7754209263,152.894377469,70009
8910004,-26.7756895715,152.893821952,70010
8910004,-26.7758183754,152.89341041,70011
8910004,-26.7758371754,152.893197137,70012
8910004,-26.7758371754,152.893197137,80001
8910004,-26.7758461254,152.893092512,80002
8910004,-26.7758323427,152.89277566,80003
8910004,-26.7756903127,152.892410644,80004
8910004,-26.7755384082,152.892122088,80005
8910004,-26.773892853,152.890301949,80006
8910004,-26.7735811348,152.890015566,80007
8910004,-26.7730427429,152.889667039,80008
8910004,-26.7724412791,152.889486559,80009
8910004,-26.770580024,152.888970335,80010
8910004,-26.7701699752,152.888794706,80011
8910004,-26.7697029588,152.8885105,80012
8910004,-26.7694481188,152.888224077,80013
8910004,-26.7692501489,152.887923517,80014
8910004,-26.7689101215,152.887240871,80015
8910004,-26.7685131058,152.886429536,80016
8910004,-26.7684035691,152.88607156,80017
8910004,-26.7684035691,152.88607156,90001
8910004,-26.7683583066,152.88592475,90002
8910004,-26.7682866467,152.885513427,90003
8910004,-26.7683296255,152.885068796,90004
8910004,-26.7687690846,152.883659144,90005
8910004,-26.7691646204,152.881564534,90006
8910004,-26.7692921513,152.880754681,90007
8910004,-26.7692213123,152.880263893,90008
8910004,-26.769093535,152.879708791,90009
8910004,-26.768612719,152.878090871,90010
8910004,-26.7684712943,152.877425145,90011
8910004,-26.7684988025,152.876869882,90012
8910004,-26.7685841073,152.87633065,90013
8910004,-26.7687542956,152.875807419,90014
8910004,-26.7693911251,152.874093738,90015
8910004,-26.7695613338,152.873602688,90016
8910004,-26.7696323402,152.873242509,90017
8910004,-26.7696165991,152.872804974,90018
8910004,-26.7694920289,152.870839651,90019
8910004,-26.7694399301,152.870145663,90020
8910004,-26.7695043559,152.869511894,90021
8910004,-26.7696319809,152.868878052,90022
8910004,-26.7699148836,152.868226929,90023
8910004,-26.7699915195,152.868109154,90024
8910004,-26.7706226286,152.867132726,90025
8910004,-26.7708912419,152.866656633,90026
8910004,-26.7710190042,152.866181708,90027
8910004,-26.7710330156,152.865722005,90028
8910004,-26.7709342393,152.865340893,90029
8910004,-26.7707361751,152.864992088,90030
8910004,-26.7704388376,152.864690677,90031
8910004,-26.7700422735,152.864484944,90032
8910004,-26.7696033331,152.864341626,90033
8910004,-26.7689521852,152.864168385,90034
8910004,-26.7685132136,152.863992882,90035
8910004,-26.767961199,152.863628416,90036
8910004,-26.767663812,152.863278735,90037
8910004,-26.7674242255,152.862946086,90038
8910004,-26.767182648,152.862423337,90039
8910004,-26.7668705189,152.861772933,90040
8910004,-26.7667157844,152.861424093,90041
8910004,-26.7664473317,152.861122667,90042
8910004,-26.7661500955,152.860932925,90043
8910004,-26.765639761,152.860726346,90044
8910004,-26.7651015149,152.860599262,90045
8910004,-26.7647203244,152.860424714,90046
8910004,-26.7645079894,152.860266054,90047
8910004,-26.7644790692,152.860237926,90048
8910004,-26.7644790692,152.860237926,100001
8910004,-26.7642811454,152.860044045,100002
8910004,-26.7636728584,152.859394028,100003
8910004,-26.763091655,152.858743985,100004
8910004,-26.7628093676,152.858156943,100005
8910004,-26.7626391328,152.857666322,100006
8910004,-26.7625401748,152.857126328,100007
8910004,-26.762412547,152.856808654,100008
8910004,-26.762242612,152.856618771,100009
8910004,-26.7618856416,152.85629334,100010
8910004,-26.7617581968,152.856157718,100011
8910004,-26.7615213522,152.855874382,100012
8910004,-26.7612663653,152.855508595,100013
8910004,-26.7611569939,152.855389044,100014
8910004,-26.7609726602,152.855247461,100015
8910004,-26.7592524142,152.854129207,100016
8910004,-26.7590753168,152.8540017,100017
8910004,-26.7589117304,152.853842997,100018
8910004,-26.7588412067,152.853747539,100019
8910004,-26.7587561962,152.853612874,100020
8910004,-26.7585092002,152.853122376,100021
8910004,-26.7584585144,152.853002754,100022
8910004,-26.759058754,152.852827983,100023
8910004,-26.759058754,152.852827983,110001
8910004,-26.7592446924,152.852773432,110002
8910004,-26.7596470812,152.851620291,110003
8910004,-26.7599340719,152.851498219,110004
8910004,-26.7610500339,152.849776865,110005
8910004,-26.7607574992,152.848083502,110006
8910004,-26.7602691214,152.848162603,110007
8910004,-26.7593772197,152.848304597,110008
8910004,-26.7581025538,152.84850342,110009
8910004,-26.7581192491,152.848918778,110010
8910004,-26.7581467072,152.849267743,110011
8910004,-26.7581966278,152.849514089,110012
8910004,-26.7583671269,152.85022796,110013
8910004,-26.7584197173,152.850439102,110014
8910005,-26.7584197173,152.850439102,10001
8910005,-26.75855119,152.850964947,10002
8910005,-26.7586147248,152.851281682,10003
8910005,-26.7585581591,152.851583486,10004
8910005,-26.7583026902,152.852495043,10005
8910005,-26.7583254193,152.852645878,10006
8910005,-26.7584585144,152.853002754,10007
8910005,-26.7585092002,152.853122376,10008
8910005,-26.7587561962,152.853612874,10009
8910005,-26.7588412067,152.853747539,10010
8910005,-26.7589117304,152.853842997,10011
8910005,-26.7590753168,152.8540017,10012
8910005,-26.7592524142,152.854129207,10013
8910005,-26.7609726602,152.855247461,10014
8910005,-26.7611569939,152.855389044,10015
8910005,-26.7612663653,152.855508595,10016
8910005,-26.7615213522,152.855874382,10017
8910005,-26.7617581968,152.856157718,10018
8910005,-26.7618856416,152.85629334,10019
8910005,-26.762242612,152.856618771,10020
8910005,-26.762412547,152.856808654,10021
8910005,-26.7625401748,152.857126328,10022
8910005,-26.7626391328,152.857666322,10023
8910005,-26.7628093676,152.858156943,10024
8910005,-26.763091655,152.858743985,10025
8910005,-26.7636728584,152.859394028,10026
8910005,-26.7642811454,152.860044045,10027
8910005,-26.7645079894,152.860266054,10028
8910005,-26.7645088932,152.860267058,10029
8910005,-26.7645088932,152.860267058,20001
8910005,-26.7647203244,152.860424714,20002
8910005,-26.7651015149,152.860599262,20003
8910005,-26.765639761,152.860726346,20004
8910005,-26.7661500955,152.860932925,20005
8910005,-26.7664473317,152.861122667,20006
8910005,-26.7667157844,152.861424093,20007
8910005,-26.7668705189,152.861772933,20008
8910005,-26.767182648,152.862423337,20009
8910005,-26.7674242255,152.862946086,20010
8910005,-26.767663812,152.863278735,20011
8910005,-26.767961199,152.863628416,20012
8910005,-26.7685132136,152.863992882,20013
8910005,-26.7689521852,152.864168385,20014
8910005,-26.7696033331,152.864341626,20015
8910005,-26.7700422735,152.864484944,20016
8910005,-26.7704388376,152.864690677,20017
8910005,-26.7707361751,152.864992088,20018
8910005,-26.7709342393,152.865340893,20019
8910005,-26.7710330156,152.865722005,20020
8910005,-26.7710190042,152.866181708,20021
8910005,-26.7708912419,152.866656633,20022
8910005,-26.7706226286,152.867132726,20023
8910005,-26.7699915195,152.868109154,20024
8910005,-26.7699148836,152.868226929,20025
8910005,-26.7696319809,152.868878052,20026
8910005,-26.7695043559,152.869511894,20027
8910005,-26.7694399301,152.870145663,20028
8910005,-26.7694920289,152.870839651,20029
8910005,-26.7696165991,152.872804974,20030
8910005,-26.7696323402,152.873242509,20031
8910005,-26.7695613338,152.873602688,20032
8910005,-26.7693911251,152.874093738,20033
8910005,-26.7687542956,152.875807419,20034
8910005,-26.7685841073,152.87633065,20035
8910005,-26.7684988025,152.876869882,20036
8910005,-26.7684712943,152.877425145,20037
8910005,-26.768612719,152.878090871,20038
8910005,-26.769093535,152.879708791,20039
8910005,-26.7692213123,152.880263893,20040
8910005,-26.7692921513,152.880754681,20041
8910005,-26.7691646204,152.881564534,20042
8910005,-26.7687690846,152.883659144,20043
8910005,-26.7683296255,152.885068796,20044
8910005,-26.7682866467,152.885513427,20045
8910005,-26.7683347229,152.885789989,20046
8910005,-26.7683347229,152.885789989,30001
8910005,-26.7683583066,152.88592475,30002
8910005,-26.7685131058,152.886429536,30003
8910005,-26.7689101215,152.887240871,30004
8910005,-26.7692501489,152.887923517,30005
8910005,-26.7694481188,152.888224077,30006
8910005,-26.7697029588,152.8885105,30007
8910005,-26.7701699752,152.888794706,30008
8910005,-26.770580024,152.888970335,30009
8910005,-26.7724412791,152.889486559,30010
8910005,-26.7730427429,152.889667039,30011
8910005,-26.7735811348,152.890015566,30012
8910005,-26.773892853,152.890301949,30013
8910005,-26.7755384082,152.892122088,30014
8910005,-26.7756903127,152.892410644,30015
8910005,-26.7758323427,152.89277566,30016
8910005,-26.7758461254,152.893092512,30017
8910005,-26.7758183754,152.89341041,30018
8910005,-26.7756895715,152.893821952,30019
8910005,-26.7756021271,152.894003099,30020
8910005,-26.7756021271,152.894003099,40001
8910005,-26.7754209263,152.894377469,40002
8910005,-26.7752226211,152.894821261,40003
8910005,-26.775123656,152.895297151,40004
8910005,-26.7751665467,152.895914744,40005
8910005,-26.7753504831,152.896803808,40006
8910005,-26.7753219824,152.897343006,40007
8910005,-26.7752231913,152.898072384,40008
8910005,-26.7751243512,152.898738389,40009
8910005,-26.7751261699,152.898756494,40010
8910005,-26.7751261699,152.898756494,50001
8910005,-26.7751807252,152.899292599,50002
8910005,-26.7752938565,152.899673742,50003
8910005,-26.7754358117,152.899959298,50004
8910005,-26.7756617235,152.900228687,50005
8910005,-26.7759878552,152.90049799,50006
8910005,-26.7763410512,152.900736086,50007
8910005,-26.7766391706,152.900974232,50008
8910005,-26.7768660394,152.9013241,50009
8910005,-26.7770495569,152.901656905,50010
8910005,-26.7775879319,152.903338369,50011
8910005,-26.7778280775,152.90463784,50012
8910005,-26.7781261541,152.906175678,50013
8910005,-26.7784096248,152.907494239,50014
8910005,-26.7784096248,152.907494239,60001
8910005,-26.7784367928,152.907618954,60002
8910005,-26.7785925017,152.90825358,60003
8910005,-26.7788467853,152.909141629,60004
8910005,-26.7789176967,152.909903076,60005
8910005,-26.7790602313,152.911140284,60006
8910005,-26.7792014088,152.911663269,60007
8910005,-26.7794989896,152.912519106,60008
8910005,-26.7796538027,152.913201026,60009
8910005,-26.7800501441,152.914644277,60010
8910005,-26.7805600403,152.917292599,60011
8910005,-26.7807011676,152.917768319,60012
8910005,-26.7809849586,152.918260033,60013
8910005,-26.7813527164,152.918751689,60014
8910005,-26.7817493379,152.919196048,60015
8910005,-26.7821170114,152.919544862,60016
8910005,-26.7830228669,152.920003959,60017
8910005,-26.7839566576,152.920369486,60018
8910005,-26.7843530694,152.920448683,60019
8910005,-26.7852171139,152.920416895,60020
8910005,-26.7854789599,152.920432808,60021
8910005,-26.7854789599,152.920432808,70001
8910005,-26.7857263598,152.920448732,70002
8910005,-26.787297586,152.920812823,70003
8910005,-26.7883451724,152.921240666,70004
8910005,-26.7889403243,152.921510879,70005
8910005,-26.7894488248,152.921828439,70006
8910005,-26.79005133,152.922338093,70007
8910005,-26.79005133,152.922338093,80001
8910005,-26.7902599936,152.922515015,80002
8910005,-26.7910493296,152.922906841,80003
8910005,-26.7919552851,152.92357325,80004
8910005,-26.7924358507,152.924001514,80005
8910005,-26.793059231,152.924730502,80006
8910005,-26.7934413531,152.925110548,80007
8910005,-26.7941205989,152.925634272,80008
8910005,-26.794615629,152.926109829,80009
8910005,-26.7949987164,152.926617657,80010
8910005,-26.7956158547,152.927525765,80011
8910005,-26.7961553573,152.928470152,80012
8910005,-26.7964003674,152.92912296,80013
8910005,-26.7965559953,152.929788905,80014
8910005,-26.7966123107,152.930471011,80015
8910005,-26.7965981518,152.931058585,80016
8910005,-26.7964991567,152.93172368,80017
8910005,-26.796413535,152.932040654,80018
8910005,-26.7961312577,152.93272296,80019
8910005,-26.7957062616,152.933278577,80020
8910005,-26.7951683429,152.933706481,80021
8910005,-26.7947721538,152.934087013,80022
8910005,-26.7944472916,152.934467502,80023
8910005,-26.7942632563,152.934799616,80024
8910005,-26.794133384,152.935111576,80025
8910005,-26.794133384,152.935111576,90001
8910005,-26.7940783693,152.935245416,90002
8910005,-26.7940071712,152.935530178,90003
8910005,-26.7939929908,152.936116733,90004
8910005,-26.7941058845,152.938226428,90005
8910005,-26.7941909076,152.938575493,90006
8910005,-26.7943717015,152.939077433,90007
8910005,-26.7946020892,152.939431453,90008
8910005,-26.7962858293,152.941239532,90009
8910005,-26.7970924715,152.942127512,90010
8910005,-26.7983254222,152.943395605,90011
8910005,-26.7987626458,152.943966868,90012
8910005,-26.7990183808,152.944522124,90013
8910005,-26.7991286601,152.944848056,90014
8910005,-26.799216421,152.945314858,90015
8910005,-26.7992310197,152.945711266,90016
8910005,-26.7991458622,152.947344253,90017
8910005,-26.7991462247,152.948328246,90018
8910005,-26.7992231856,152.948922834,90019
8910005,-26.7993371088,152.949367492,90020
8910005,-26.7996199817,152.950128003,90021
8910005,-26.7999660928,152.951005202,90022
8910005,-26.8001287577,152.95142771,90023
8910005,-26.8003058506,152.951800912,90024
8910005,-26.8005109239,152.952149956,90025
8910005,-26.8007656654,152.952530171,90026
8910005,-26.8011549567,152.95297372,90027
8910005,-26.801778172,152.953655634,90028
8910005,-26.8020816861,152.954100231,90029
8910005,-26.8023680704,152.954627342,90030
8910005,-26.802684378,152.955566969,90031
8910005,-26.8029166414,152.956280247,90032
8910005,-26.8031082064,152.956780237,90033
8910005,-26.8033467096,152.957247008,90034
8910005,-26.8034840153,152.957470325,90035
8910005,-26.8037730566,152.957865642,90036
8910005,-26.8047593389,152.958998234,90037
8910005,-26.8047593389,152.958998234,100001
8910005,-26.8054511761,152.959792871,100002
8910005,-26.8057040937,152.960182176,100003
8910005,-26.8056878464,152.960198281,100004
8910005,-26.8056706986,152.960223441,100005
8910005,-26.8056598719,152.960251618,100006
8910005,-26.8056535605,152.960282812,100007
8910005,-26.8056535695,152.96031501,100008
8910005,-26.8056598985,152.9603462,100009
8910005,-26.8056707412,152.960375376,100010
8910005,-26.8056851933,152.9603965,100011
8910005,-26.805708675,152.960420641,100012
8910005,-26.8057330574,152.960436731,100013
8910005,-26.8057601467,152.960446784,100014
8910005,-26.805788137,152.960449793,100015
8910005,-26.8058098056,152.960447773,100016
8910005,-26.8059815957,152.961324104,100017
8910005,-26.8061334013,152.961769795,100018
8910005,-26.8060287647,152.96213407,100019
8910005,-26.8062423519,152.964077961,100020
8910005,-26.8076348592,152.965117937,100021
8910005,-26.807707254,152.965790059,100022
8910005,-26.807742547,152.966125114,100023
8910005,-26.8083673391,152.966109836,100024
8910005,-26.8084097823,152.966142022,100025
8910005,-26.8084576369,152.966149051,100026
8910005,-26.8084892354,152.966138979,100027
8910005,-26.8084991577,152.966099734,100028
8910005,-26.8084865062,152.966053452,100029
8910005,-26.8084540005,152.966045412,100030
8910005,-26.8084097611,152.966053475,100031
8910005,-26.8083871931,152.966070588,100032
8910005,-26.8083673391,152.966109836,100033
8910005,-26.8081046013,152.966115951,100034
8920007,-26.8574276523,152.957816594,10001
8920007,-26.8576795632,152.95784368,10002
8920007,-26.8581057355,152.957890834,10003
8920007,-26.858338692,152.957938061,10004
8920007,-26.8588208498,152.958009355,10005
8920007,-26.8609272582,152.957994484,10006
8920007,-26.861291953,152.957767847,10007
8920007,-26.861531144,152.957529175,10008
8920007,-26.8616782593,152.957350937,10009
8920007,-26.862060862,152.956637054,10010
8920007,-26.8621844277,152.956220239,10011
8920007,-26.862467631,152.955261763,10012
8920007,-26.8625524117,152.95497885,10013
8920007,-26.8622195617,152.953158894,10014
8920007,-26.8621987571,152.953043133,10015
8920007,-26.8621218594,152.952584117,10016
8920007,-26.8619544918,152.951594616,10017
8920007,-26.8619074461,152.951314779,10018
8920007,-26.8619074461,152.951314779,20001
8920007,-26.8617880209,152.950607132,20002
8920007,-26.8615843815,152.949218002,20003
8920007,-26.8614560121,152.9487721,20004
8920007,-26.8611425088,152.948209509,20005
8920007,-26.8607748894,152.947806001,20006
8920007,-26.8595647429,152.947023373,20007
8920007,-26.8593768484,152.946767768,20008
8920007,-26.8592367663,152.94640745,20009
8920007,-26.8590596734,152.946068289,20010
8920007,-26.8587074793,152.945880212,20011
8920007,-26.8585595503,152.946254757,20012
8920007,-26.8584198356,152.946866868,20013
8920007,-26.8583677206,152.947541349,20014
8920007,-26.8583950279,152.948140295,20015
8920007,-26.8583950279,152.948140295,30001
8920007,-26.8584487308,152.949335167,30002
8920007,-26.8581081104,152.951232853,30003
8920007,-26.8579783875,152.95208554,30004
8920007,-26.8579941479,152.953315658,30005
8920007,-26.8579716542,152.953553236,30006
8920007,-26.8579292866,152.953759616,30007
8920007,-26.8577741385,152.954210657,30008
8920007,-26.8573446548,152.955102715,30009
8920007,-26.8572039126,152.955439996,30010
8920007,-26.8571019797,152.955733975,30011
8920007,-26.857058728,152.956010818,30012
8920007,-26.85706603,152.956265495,30013
8920007,-26.85703817,152.956685275,30014
8920007,-26.857002207,152.957184582,30015
8920007,-26.8569878614,152.957517785,30016
8920007,-26.8569878901,152.957613416,30017
8920007,-26.8570095803,152.957683872,30018
8920007,-26.8558213972,152.957697401,30019
8920007,-26.8549248419,152.957705787,30020
8920007,-26.854955253,152.956757538,30021
8920007,-26.8547610043,152.956334831,30022
8920007,-26.8537491591,152.954365282,30023
8920007,-26.8531464028,152.952731803,30024
8920007,-26.8531518194,152.952729787,30025
8920007,-26.853167165,152.952719715,30026
8920007,-26.8531798009,152.952706624,30027
8920007,-26.8531906304,152.95269152,30028
8920007,-26.8531978473,152.952673398,30029
8920007,-26.8532023553,152.952654271,30030
8920007,-26.8532023486,152.952634139,30031
8920007,-26.8531951168,152.95260797,30032
8920007,-26.8531905987,152.952596899,30033
8920007,-26.8531797587,152.952580798,30034
8920007,-26.8531671141,152.952567717,30035
8920007,-26.8531517618,152.952557658,30036
8920007,-26.8531346051,152.952551625,30037
8920007,-26.8531237702,152.952550623,30038
8920007,-26.8532857868,152.951078896,30039
8920007,-26.8535080095,152.948851175,30040
8920007,-26.8535339842,152.948277396,30041
8920007,-26.8530740461,152.947266974,30042
8920007,-26.8535263048,152.947044304,30043
8920007,-26.8552597266,152.946767682,30044
8920007,-26.8553328631,152.946776707,30045
8920007,-26.8554150458,152.946832033,30046
8920007,-26.8555071851,152.946953792,30047
8920007,-26.8556022584,152.947681539,30048
8920007,-26.8555292145,152.947923163,30049
8920007,-26.8555292145,152.947923163,40001
8920007,-26.8554796165,152.948087266,40002
8920007,-26.8552107575,152.948630965,40003
8920007,-26.8550248089,152.948752851,40004
8920007,-26.8550610672,152.949149444,40005
8920007,-26.8550442861,152.950199358,40006
8920007,-26.8549765696,152.950197375,40007
8920007,-26.854909757,152.950198411,40008
8920007,-26.8548429462,152.95020448,40009
8920007,-26.8547770389,152.950212562,40010
8920007,-26.8547111338,152.950226683,40011
8920007,-26.854646133,152.950244831,40012
8920007,-26.8545811332,152.950265998,40013
8920007,-26.854517941,152.950292198,40014
8920007,-26.8544565555,152.950321416,40015
8920007,-26.8544150309,152.95034358,40016
8920007,-26.8543383029,152.950390925,40017
8920007,-26.8542823386,152.950431214,40018
8920007,-26.8542272782,152.950474522,40019
8920007,-26.8541749275,152.950520849,40020
8920007,-26.8541045228,152.95057725,40021
8920007,-26.8540359244,152.950635664,40022
8920007,-26.8539682325,152.950704143,40023
8920007,-26.8539149879,152.950776642,40024
8920007,-26.8538698692,152.950849137,40025
8920007,-26.8538256597,152.950939752,40026
8920007,-26.8538058201,152.95100821,40027
8920007,-26.8537850835,152.951093781,40028
8920007,-26.8537526522,152.95130317,40029
8920007,-26.8537472764,152.951423965,40030
8920007,-26.8537419722,152.951754136,40031
8920007,-26.85372215,152.951874938,40032
8920007,-26.8537096292,152.952227257,40033
8920007,-26.8536979098,152.952280612,40034
8920007,-26.8536699365,152.952327934,40035
8920007,-26.8536103747,152.952411508,40036
8920007,-26.8531951168,152.95260797,40037
8920007,-26.8531905987,152.952596899,40038
8920007,-26.8531797587,152.952580798,40039
8920007,-26.8531671141,152.952567717,40040
8920007,-26.8531517618,152.952557658,40041
8920007,-26.8531346051,152.952551625,40042
8920007,-26.8531237702,152.952550623,40043
8920007,-26.8531183526,152.952549619,40044
8920007,-26.8531011986,152.952551639,40045
8920007,-26.8530840459,152.952557686,40046
8920007,-26.8530687004,152.952567758,40047
8920007,-26.8530560645,152.952580849,40048
8920007,-26.8530452353,152.95259696,40049
8920007,-26.8530380184,152.952615081,40050
8920007,-26.8530335104,152.952634209,40051
8920007,-26.8530335171,152.952654341,40052
8920007,-26.8530353249,152.95266038,40053
8920007,-26.8525902316,152.952737067,40054
8920007,-26.8524837034,152.952771335,40055
8920007,-26.8523925295,152.952821703,40056
8920007,-26.8523401824,152.952881114,40057
8920007,-26.8522950807,152.953007964,40058
8920007,-26.8522879001,152.953135805,40059
8920007,-26.8523177424,152.95327873,40060
8920007,-26.8527867566,152.954569002,40061
8920007,-26.8524689896,152.954713072,40062
8920007,-26.8524094132,152.954755373,40063
8920007,-26.8523552573,152.954807738,40064
8920007,-26.8523245861,152.954891298,40065
8920007,-26.8522407514,152.955310076,40066
8920007,-26.8522407514,152.955310076,50001
8920007,-26.8521623245,152.955702679,50002
8920007,-26.8518837441,152.957028473,50003
8920007,-26.8509862699,152.956985528,50004
8920007,-26.8495642103,152.956900507,50005
8920007,-26.8476655254,152.957127702,50006
8920007,-26.8440685841,152.957555823,50007
8920007,-26.8417698652,152.957596941,50008
8920007,-26.8353359448,152.957606382,50009
8920007,-26.8323800959,152.958219387,50010
8920007,-26.8322916195,152.958239548,50011
8920007,-26.8322916195,152.958239548,60001
8920007,-26.8297357315,152.958813126,60002
8920007,-26.826466632,152.959625443,60003
8920007,-26.8209097682,152.960960787,60004
8920007,-26.8149430214,152.962458146,60005
8920007,-26.8137487651,152.963444672,60006
8920007,-26.8134337494,152.963796962,60007
8920007,-26.812179079,152.965141702,60008
8920007,-26.8117475743,152.965441694,60009
8920007,-26.8113079141,152.965622949,60010
8920007,-26.8093495839,152.965724162,60011
8920007,-26.807707254,152.965790059,60012
8920007,-26.807742547,152.966125114,60013
8920007,-26.8083673391,152.966109836,60014
8920007,-26.8084097823,152.966142022,60015
8920007,-26.8084576369,152.966149051,60016
8920007,-26.8084892354,152.966138979,60017
8920007,-26.8084991577,152.966099734,60018
8920007,-26.8084865062,152.966053452,60019
8920007,-26.8084540005,152.966045412,60020
8920007,-26.8084097611,152.966053475,60021
8920007,-26.8083871931,152.966070588,60022
8920007,-26.8083673391,152.966109836,60023
8920007,-26.8081046013,152.966115951,60024
8920008,-26.8081046013,152.966115951,10001
8920008,-26.807742547,152.966125114,10002
8920008,-26.807707254,152.965790059,10003
8920008,-26.8093495839,152.965724162,10004
8920008,-26.8113079141,152.965622949,10005
8920008,-26.8117475743,152.965441694,10006
8920008,-26.812179079,152.965141702,10007
8920008,-26.8134337494,152.963796962,10008
8920008,-26.8137487651,152.963444672,10009
8920008,-26.8149430214,152.962458146,10010
8920008,-26.8209097682,152.960960787,10011
8920008,-26.826466632,152.959625443,10012
8920008,-26.8297357315,152.958813126,10013
8920008,-26.8320451494,152.958294992,10014
8920008,-26.8320451494,152.958294992,20001
8920008,-26.8323800959,152.958219387,20002
8920008,-26.8353359448,152.957606382,20003
8920008,-26.8417698652,152.957596941,20004
8920008,-26.8440685841,152.957555823,20005
8920008,-26.8476655254,152.957127702,20006
8920008,-26.8495642103,152.956900507,20007
8920008,-26.8509862699,152.956985528,20008
8920008,-26.8518837441,152.957028473,20009
8920008,-26.8549248419,152.957705787,20010
8920008,-26.8558213972,152.957697401,20011
8920008,-26.8570095803,152.957683872,20012
8920008,-26.8570520348,152.957748282,20013
8920008,-26.8571721296,152.957788503,20014
8920008,-26.8574276523,152.957816594,20015
8920008,-26.8574276523,152.957816594,30001
8920008,-26.8576795632,152.95784368,30002
8920008,-26.8581057355,152.957890834,30003
8920008,-26.858338692,152.957938061,30004
8920008,-26.8588208498,152.958009355,30005
8920008,-26.8609272582,152.957994484,30006
8920008,-26.861291953,152.957767847,30007
8920008,-26.861531144,152.957529175,30008
8920008,-26.8616782593,152.957350937,30009
8920008,-26.862060862,152.956637054,30010
8920008,-26.8621844277,152.956220239,30011
8920008,-26.862467631,152.955261763,30012
8920008,-26.8625524117,152.95497885,30013
8920008,-26.8622195617,152.953158894,30014
8920008,-26.8621987571,152.953043133,30015
8920008,-26.8621218594,152.952584117,30016
8920008,-26.8619544918,152.951594616,30017
8920008,-26.8619074461,152.951314779,30018
8920008,-26.8619074461,152.951314779,40001
8920008,-26.8617880209,152.950607132,40002
8920008,-26.8615843815,152.949218002,40003
8920008,-26.8614560121,152.9487721,40004
8920008,-26.8611425088,152.948209509,40005
8920008,-26.8607748894,152.947806001,40006
8920008,-26.8595647429,152.947023373,40007
8920008,-26.8593768484,152.946767768,40008
8920008,-26.8592367663,152.94640745,40009
8920008,-26.8590596734,152.946068289,40010
8920008,-26.8587074793,152.945880212,40011
8920008,-26.8585595503,152.946254757,40012
8920008,-26.8584198356,152.946866868,40013
8920008,-26.8583677206,152.947541349,40014
8920008,-26.8583950279,152.948140295,40015
8920008,-26.8583950279,152.948140295,50001
8920008,-26.8584487308,152.949335167,50002
8920008,-26.8581081104,152.951232853,50003
8920008,-26.8579783875,152.95208554,50004
8920008,-26.8579941479,152.953315658,50005
8920008,-26.8579716542,152.953553236,50006
8920008,-26.8579292866,152.953759616,50007
8920008,-26.8577741385,152.954210657,50008
8920008,-26.8573446548,152.955102715,50009
8920008,-26.8572039126,152.955439996,50010
8920008,-26.8571019797,152.955733975,50011
8920008,-26.857058728,152.956010818,50012
8920008,-26.85706603,152.956265495,50013
8920008,-26.85703817,152.956685275,50014
8920008,-26.857002207,152.957184582,50015
8920008,-26.8569878614,152.957517785,50016
8920008,-26.8569878901,152.957613416,50017
8920008,-26.8570095803,152.957683872,50018
8920008,-26.8558213972,152.957697401,50019
8920008,-26.8549248419,152.957705787,50020
8920008,-26.854955253,152.956757538,50021
8920008,-26.8547610043,152.956334831,50022
8920008,-26.8537491591,152.954365282,50023
8920008,-26.8531464028,152.952731803,50024
8920008,-26.8531518194,152.952729787,50025
8920008,-26.853167165,152.952719715,50026
8920008,-26.8531798009,152.952706624,50027
8920008,-26.8531906304,152.95269152,50028
8920008,-26.8531978473,152.952673398,50029
8920008,-26.8532023553,152.952654271,50030
8920008,-26.8532023486,152.952634139,50031
8920008,-26.8531951168,152.95260797,50032
8920008,-26.8531905987,152.952596899,50033
8920008,-26.8531797587,152.952580798,50034
8920008,-26.8531671141,152.952567717,50035
8920008,-26.8531517618,152.952557658,50036
8920008,-26.8531346051,152.952551625,50037
8920008,-26.8531237702,152.952550623,50038
8920008,-26.8532857868,152.951078896,50039
8920008,-26.8535080095,152.948851175,50040
8920008,-26.8535339842,152.948277396,50041
8920008,-26.8530740461,152.947266974,50042
8920008,-26.8535263048,152.947044304,50043
8920008,-26.8552597266,152.946767682,50044
8920008,-26.8553328631,152.946776707,50045
8920008,-26.8554150458,152.946832033,50046
8920008,-26.8555071851,152.946953792,50047
8920008,-26.8556022584,152.947681539,50048
8920008,-26.8555292145,152.947923163,50049
8920008,-26.8555292145,152.947923163,60001
8920008,-26.8554796165,152.948087266,60002
8920008,-26.8552107575,152.948630965,60003
8920008,-26.8550248089,152.948752851,60004
8920008,-26.8550610672,152.949149444,60005
8920008,-26.8550442861,152.950199358,60006
8920008,-26.8549765696,152.950197375,60007
8920008,-26.854909757,152.950198411,60008
8920008,-26.8548429462,152.95020448,60009
8920008,-26.8547770389,152.950212562,60010
8920008,-26.8547111338,152.950226683,60011
8920008,-26.854646133,152.950244831,60012
8920008,-26.8545811332,152.950265998,60013
8920008,-26.854517941,152.950292198,60014
8920008,-26.8544565555,152.950321416,60015
8920008,-26.8544150309,152.95034358,60016
8920008,-26.8543383029,152.950390925,60017
8920008,-26.8542823386,152.950431214,60018
8920008,-26.8542272782,152.950474522,60019
8920008,-26.8541749275,152.950520849,60020
8920008,-26.8541045228,152.95057725,60021
8920008,-26.8540359244,152.950635664,60022
8920008,-26.8539682325,152.950704143,60023
8920008,-26.8539149879,152.950776642,60024
8920008,-26.8538698692,152.950849137,60025
8920008,-26.8538256597,152.950939752,60026
8920008,-26.8538058201,152.95100821,60027
8920008,-26.8537850835,152.951093781,60028
8920008,-26.8537526522,152.95130317,60029
8920008,-26.8537472764,152.951423965,60030
8920008,-26.8537419722,152.951754136,60031
8920008,-26.85372215,152.951874938,60032
8920008,-26.8537096292,152.952227257,60033
8920008,-26.8536979098,152.952280612,60034
8920008,-26.8536699365,152.952327934,60035
8920008,-26.8536103747,152.952411508,60036
8920008,-26.8531951168,152.95260797,60037
8920008,-26.8531905987,152.952596899,60038
8920008,-26.8531797587,152.952580798,60039
8920008,-26.8531671141,152.952567717,60040
8920008,-26.8531517618,152.952557658,60041
8920008,-26.8531346051,152.952551625,60042
8920008,-26.8531237702,152.952550623,60043
8920008,-26.8531183526,152.952549619,60044
8920008,-26.8531011986,152.952551639,60045
8920008,-26.8530840459,152.952557686,60046
8920008,-26.8530687004,152.952567758,60047
8920008,-26.8530560645,152.952580849,60048
8920008,-26.8530452353,152.95259696,60049
8920008,-26.8530380184,152.952615081,60050
8920008,-26.8530335104,152.952634209,60051
8920008,-26.8530335171,152.952654341,60052
8920008,-26.8530353249,152.95266038,60053
8920008,-26.8525902316,152.952737067,60054
8920008,-26.8524837034,152.952771335,60055
8920008,-26.8523925295,152.952821703,60056
8920008,-26.8523401824,152.952881114,60057
8920008,-26.8522950807,152.953007964,60058
8920008,-26.8522879001,152.953135805,60059
8920008,-26.8523177424,152.95327873,60060
8920008,-26.8527867566,152.954569002,60061
8920008,-26.8524689896,152.954713072,60062
8920008,-26.8524094132,152.954755373,60063
8920008,-26.8523552573,152.954807738,60064
8920008,-26.8523245861,152.954891298,60065
8920008,-26.8522407514,152.955310076,60066
8920008,-26.8522407514,152.955310076,70001
8920008,-26.8521623245,152.955702679,70002
8920008,-26.8518837441,152.957028473,70003
8920008,-26.8509862699,152.956985528,70004
8920008,-26.8495642103,152.956900507,70005
8920008,-26.8476655254,152.957127702,70006
8920008,-26.8440685841,152.957555823,70007
8920008,-26.8417698652,152.957596941,70008
8920008,-26.8353359448,152.957606382,70009
8920008,-26.8323800959,152.958219387,70010
8920008,-26.8322916195,152.958239548,70011
8920008,-26.8322916195,152.958239548,80001
8920008,-26.8297357315,152.958813126,80002
8920008,-26.826466632,152.959625443,80003
8920008,-26.8209097682,152.960960787,80004
8920008,-26.8149430214,152.962458146,80005
8920008,-26.8137487651,152.963444672,80006
8920008,-26.8134337494,152.963796962,80007
8920008,-26.812179079,152.965141702,80008
8920008,-26.8117475743,152.965441694,80009
8920008,-26.8113079141,152.965622949,80010
8920008,-26.8093495839,152.965724162,80011
8920008,-26.807707254,152.965790059,80012
8920008,-26.807742547,152.966125114,80013
8920008,-26.8083673391,152.966109836,80014
8920008,-26.8084097823,152.966142022,80015
8920008,-26.8084576369,152.966149051,80016
8920008,-26.8084892354,152.966138979,80017
8920008,-26.8084991577,152.966099734,80018
8920008,-26.8084865062,152.966053452,80019
8920008,-26.8084540005,152.966045412,80020
8920008,-26.8084097611,152.966053475,80021
8920008,-26.8083871931,152.966070588,80022
8920008,-26.8083673391,152.966109836,80023
8920008,-26.8081046013,152.966115951,80024
8920009,-26.8081046013,152.966115951,10001
8920009,-26.807742547,152.966125114,10002
8920009,-26.807707254,152.965790059,10003
8920009,-26.8093495839,152.965724162,10004
8920009,-26.8113079141,152.965622949,10005
8920009,-26.8117475743,152.965441694,10006
8920009,-26.812179079,152.965141702,10007
8920009,-26.8134337494,152.963796962,10008
8920009,-26.8137487651,152.963444672,10009
8920009,-26.8149430214,152.962458146,10010
8920009,-26.8209097682,152.960960787,10011
8920009,-26.826466632,152.959625443,10012
8920009,-26.8297357315,152.958813126,10013
8920009,-26.8320451494,152.958294992,10014
8920009,-26.8320451494,152.958294992,20001
8920009,-26.8323800959,152.958219387,20002
8920009,-26.8353359448,152.957606382,20003
8920009,-26.8417698652,152.957596941,20004
8920009,-26.8440685841,152.957555823,20005
8920009,-26.8476655254,152.957127702,20006
8920009,-26.8495642103,152.956900507,20007
8920009,-26.8509862699,152.956985528,20008
8920009,-26.8518837441,152.957028473,20009
8920009,-26.8549248419,152.957705787,20010
8920009,-26.8558213972,152.957697401,20011
8920009,-26.8570095803,152.957683872,20012
8920009,-26.8570520348,152.957748282,20013
8920009,-26.8571721296,152.957788503,20014
8920009,-26.8574276523,152.957816594,20015
8920010,-26.8081046013,152.966115951,10001
8920010,-26.807742547,152.966125114,10002
8920010,-26.807707254,152.965790059,10003
8920010,-26.8093495839,152.965724162,10004
8920010,-26.8113079141,152.965622949,10005
8920010,-26.8117475743,152.965441694,10006
8920010,-26.812179079,152.965141702,10007
8920010,-26.8134337494,152.963796962,10008
8920010,-26.8137487651,152.963444672,10009
8920010,-26.8149430214,152.962458146,10010
8920010,-26.8209097682,152.960960787,10011
8920010,-26.826466632,152.959625443,10012
8920010,-26.8297357315,152.958813126,10013
8920010,-26.8320451494,152.958294992,10014
8920010,-26.8320451494,152.958294992,20001
8920010,-26.8323800959,152.958219387,20002
8920010,-26.8353359448,152.957606382,20003
8920010,-26.8417698652,152.957596941,20004
8920010,-26.8440685841,152.957555823,20005
8920010,-26.8476655254,152.957127702,20006
8920010,-26.8495642103,152.956900507,20007
8920010,-26.8509862699,152.956985528,20008
8920010,-26.8518837441,152.957028473,20009
8920010,-26.8549248419,152.957705787,20010
8920010,-26.8558213972,152.957697401,20011
8920010,-26.8570095803,152.957683872,20012
8920010,-26.8570520348,152.957748282,20013
8920010,-26.8571721296,152.957788503,20014
8920010,-26.8574276523,152.957816594,20015
8920011,-26.8574276523,152.957816594,10001
8920011,-26.8576795632,152.95784368,10002
8920011,-26.8581057355,152.957890834,10003
8920011,-26.858338692,152.957938061,10004
8920011,-26.8588208498,152.958009355,10005
8920011,-26.8609272582,152.957994484,10006
8920011,-26.861291953,152.957767847,10007
8920011,-26.861531144,152.957529175,10008
8920011,-26.8616782593,152.957350937,10009
8920011,-26.862060862,152.956637054,10010
8920011,-26.8621844277,152.956220239,10011
8920011,-26.862467631,152.955261763,10012
8920011,-26.8625524117,152.95497885,10013
8920011,-26.8622195617,152.953158894,10014
8920011,-26.8621987571,152.953043133,10015
8920011,-26.8621218594,152.952584117,10016
8920011,-26.8619544918,152.951594616,10017
8920011,-26.8619074461,152.951314779,10018
8920011,-26.8619074461,152.951314779,20001
8920011,-26.8617880209,152.950607132,20002
8920011,-26.8615843815,152.949218002,20003
8920011,-26.8614560121,152.9487721,20004
8920011,-26.8611425088,152.948209509,20005
8920011,-26.8607748894,152.947806001,20006
8920011,-26.8595647429,152.947023373,20007
8920011,-26.8593768484,152.946767768,20008
8920011,-26.8592367663,152.94640745,20009
8920011,-26.8590596734,152.946068289,20010
8920011,-26.8587074793,152.945880212,20011
8920011,-26.8585595503,152.946254757,20012
8920011,-26.8584198356,152.946866868,20013
8920011,-26.8583677206,152.947541349,20014
8920011,-26.8583950279,152.948140295,20015
8920011,-26.8583950279,152.948140295,30001
8920011,-26.8584487308,152.949335167,30002
8920011,-26.8581081104,152.951232853,30003
8920011,-26.8579783875,152.95208554,30004
8920011,-26.8579941479,152.953315658,30005
8920011,-26.8579716542,152.953553236,30006
8920011,-26.8579292866,152.953759616,30007
8920011,-26.8577741385,152.954210657,30008
8920011,-26.8573446548,152.955102715,30009
8920011,-26.8572039126,152.955439996,30010
8920011,-26.8571019797,152.955733975,30011
8920011,-26.857058728,152.956010818,30012
8920011,-26.85706603,152.956265495,30013
8920011,-26.85703817,152.956685275,30014
8920011,-26.857002207,152.957184582,30015
8920011,-26.8569878614,152.957517785,30016
8920011,-26.8569878901,152.957613416,30017
8920011,-26.8570095803,152.957683872,30018
8920011,-26.8558213972,152.957697401,30019
8920011,-26.8549248419,152.957705787,30020
8920011,-26.854955253,152.956757538,30021
8920011,-26.8547610043,152.956334831,30022
8920011,-26.8537491591,152.954365282,30023
8920011,-26.8531464028,152.952731803,30024
8920011,-26.8531518194,152.952729787,30025
8920011,-26.853167165,152.952719715,30026
8920011,-26.8531798009,152.952706624,30027
8920011,-26.8531906304,152.95269152,30028
8920011,-26.8531978473,152.952673398,30029
8920011,-26.8532023553,152.952654271,30030
8920011,-26.8532023486,152.952634139,30031
8920011,-26.8531951168,152.95260797,30032
8920011,-26.8531905987,152.952596899,30033
8920011,-26.8531797587,152.952580798,30034
8920011,-26.8531671141,152.952567717,30035
8920011,-26.8531517618,152.952557658,30036
8920011,-26.8531346051,152.952551625,30037
8920011,-26.8531237702,152.952550623,30038
8920011,-26.8532857868,152.951078896,30039
8920011,-26.8535080095,152.948851175,30040
8920011,-26.8535339842,152.948277396,30041
8920011,-26.8530740461,152.947266974,30042
8920011,-26.8535263048,152.947044304,30043
8920011,-26.8552597266,152.946767682,30044
8920011,-26.8553328631,152.946776707,30045
8920011,-26.8554150458,152.946832033,30046
8920011,-26.8555071851,152.946953792,30047
8920011,-26.8556022584,152.947681539,30048
8920011,-26.8555292145,152.947923163,30049
8920011,-26.8555292145,152.947923163,40001
8920011,-26.8554796165,152.948087266,40002
8920011,-26.8552107575,152.948630965,40003
8920011,-26.8550248089,152.948752851,40004
8920011,-26.8550610672,152.949149444,40005
8920011,-26.8550442861,152.950199358,40006
8920011,-26.8549765696,152.950197375,40007
8920011,-26.854909757,152.950198411,40008
8920011,-26.8548429462,152.95020448,40009
8920011,-26.8547770389,152.950212562,40010
8920011,-26.8547111338,152.950226683,40011
8920011,-26.854646133,152.950244831,40012
8920011,-26.8545811332,152.950265998,40013
8920011,-26.854517941,152.950292198,40014
8920011,-26.8544565555,152.950321416,40015
8920011,-26.8544150309,152.95034358,40016
8920011,-26.8543383029,152.950390925,40017
8920011,-26.8542823386,152.950431214,40018
8920011,-26.8542272782,152.950474522,40019
8920011,-26.8541749275,152.950520849,40020
8920011,-26.8541045228,152.95057725,40021
8920011,-26.8540359244,152.950635664,40022
8920011,-26.8539682325,152.950704143,40023
8920011,-26.8539149879,152.950776642,40024
8920011,-26.8538698692,152.950849137,40025
8920011,-26.8538256597,152.950939752,40026
8920011,-26.8538058201,152.95100821,40027
8920011,-26.8537850835,152.951093781,40028
8920011,-26.8537526522,152.95130317,40029
8920011,-26.8537472764,152.951423965,40030
8920011,-26.8537419722,152.951754136,40031
8920011,-26.85372215,152.951874938,40032
8920011,-26.8537096292,152.952227257,40033
8920011,-26.8536979098,152.952280612,40034
8920011,-26.8536699365,152.952327934,40035
8920011,-26.8536103747,152.952411508,40036
8920011,-26.8531951168,152.95260797,40037
8920011,-26.8531905987,152.952596899,40038
8920011,-26.8531797587,152.952580798,40039
8920011,-26.8531671141,152.952567717,40040
8920011,-26.8531517618,152.952557658,40041
8920011,-26.8531346051,152.952551625,40042
8920011,-26.8531237702,152.952550623,40043
8920011,-26.8531183526,152.952549619,40044
8920011,-26.8531011986,152.952551639,40045
8920011,-26.8530840459,152.952557686,40046
8920011,-26.8530687004,152.952567758,40047
8920011,-26.8530560645,152.952580849,40048
8920011,-26.8530452353,152.95259696,40049
8920011,-26.8530380184,152.952615081,40050
8920011,-26.8530335104,152.952634209,40051
8920011,-26.8530335171,152.952654341,40052
8920011,-26.8530353249,152.95266038,40053
8920011,-26.8525902316,152.952737067,40054
8920011,-26.8524837034,152.952771335,40055
8920011,-26.8523925295,152.952821703,40056
8920011,-26.8523401824,152.952881114,40057
8920011,-26.8522950807,152.953007964,40058
8920011,-26.8522879001,152.953135805,40059
8920011,-26.8523177424,152.95327873,40060
8920011,-26.8527867566,152.954569002,40061
8920011,-26.8524689896,152.954713072,40062
8920011,-26.8524094132,152.954755373,40063
8920011,-26.8523552573,152.954807738,40064
8920011,-26.8523245861,152.954891298,40065
8920011,-26.8522407514,152.955310076,40066
8920011,-26.8522407514,152.955310076,50001
8920011,-26.8521623245,152.955702679,50002
8920011,-26.8518837441,152.957028473,50003
8920011,-26.8509862699,152.956985528,50004
8920011,-26.8495642103,152.956900507,50005
8920011,-26.8476655254,152.957127702,50006
8920011,-26.8440685841,152.957555823,50007
8920011,-26.8417698652,152.957596941,50008
8920011,-26.8353359448,152.957606382,50009
8920011,-26.8323800959,152.958219387,50010
8920011,-26.8322916195,152.958239548,50011
8920011,-26.8322916195,152.958239548,60001
8920011,-26.8297357315,152.958813126,60002
8920011,-26.826466632,152.959625443,60003
8920011,-26.8209097682,152.960960787,60004
8920011,-26.8149430214,152.962458146,60005
8920011,-26.8137487651,152.963444672,60006
8920011,-26.8134337494,152.963796962,60007
8920011,-26.812179079,152.965141702,60008
8920011,-26.8117475743,152.965441694,60009
8920011,-26.8113079141,152.965622949,60010
8920011,-26.8093495839,152.965724162,60011
8920011,-26.807707254,152.965790059,60012
8920011,-26.807742547,152.966125114,60013
8920011,-26.8083673391,152.966109836,60014
8920011,-26.8084097823,152.966142022,60015
8920011,-26.8084576369,152.966149051,60016
8920011,-26.8084892354,152.966138979,60017
8920011,-26.8084991577,152.966099734,60018
8920011,-26.8084865062,152.966053452,60019
8920011,-26.8084540005,152.966045412,60020
8920011,-26.8084097611,152.966053475,60021
8920011,-26.8083871931,152.966070588,60022
8920011,-26.8083673391,152.966109836,60023
8920011,-26.8081046013,152.966115951,60024
