shape_id,shape_pt_lat,shape_pt_lon,shape_pt_sequence
2500022,-19.179977283,146.837776677,10001
2500022,-19.1799240119,146.837931102,10002
2500022,-19.1788220803,146.839803363,10003
2500022,-19.177808619,146.839228603,10004
2500022,-19.1774372055,146.839019019,10005
2500022,-19.1774372055,146.839019019,20001
2500022,-19.1767667624,146.838638812,20002
2500022,-19.1757241987,146.838054735,20003
2500022,-19.1750473706,146.837671933,20004
2500022,-19.1750473706,146.837671933,30001
2500022,-19.1746942459,146.83747114,30002
2500022,-19.1743211974,146.838200829,30003
2500022,-19.1736952292,146.83940766,30004
2500022,-19.1735453612,146.839712433,30005
2500022,-19.1735453612,146.839712433,40001
2500022,-19.1730073652,146.840807094,40002
2500022,-19.172941885,146.841373814,40003
2500022,-19.1732955836,146.842553563,40004
2500022,-19.1740912106,146.843258597,40005
2500022,-19.1735757269,146.845129727,40006
2500022,-19.1720760909,146.845693096,40007
2500022,-19.1714256053,146.845691776,40008
2500022,-19.1705926431,146.846737754,40009
2500022,-19.1705010502,146.846769569,40010
2500022,-19.1705010502,146.846769569,50001
2500022,-19.167661829,146.847734052,50002
2500022,-19.1669402782,146.847786489,50003
2500022,-19.1639241797,146.846835635,50004
2500022,-19.1639241797,146.846835635,60001
2500022,-19.1633140237,146.846642506,60002
2500022,-19.1630909762,146.846724658,60003
2500022,-19.1628396211,146.846821118,60004
2500022,-19.1615508153,146.847314072,60005
2500022,-19.1606063221,146.844589581,60006
2500022,-19.1606063221,146.844589581,70001
2500022,-19.1606063221,146.844589581,70002
2500022,-19.1606063221,146.844589581,80001
2500022,-19.1604478724,146.844131597,80002
2500022,-19.1599338117,146.844414878,80003
2500022,-19.1596683365,146.844733392,80004
2500022,-19.1600720468,146.845288271,80005
2500022,-19.160553189,146.846674321,80006
2500022,-19.1608659417,146.847574359,80007
2500022,-19.1615508153,146.847314072,80008
2500022,-19.1616434706,146.847581383,80009
2500022,-19.1616434706,146.847581383,90001
2500022,-19.1619243847,146.848390783,90002
2500022,-19.1591488607,146.849457857,90003
2500022,-19.1590588843,146.849350441,90004
2500022,-19.1587098327,146.848895761,90005
2500022,-19.1587098327,146.848895761,100001
2500022,-19.1584406828,146.848543193,100002
2500022,-19.1575577721,146.847435288,100003
2500022,-19.1569017052,146.848017313,100004
2500022,-19.1569017052,146.848017313,110001
2500022,-19.1567915745,146.848113241,110002
2500022,-19.1556073186,146.849147553,110003
2500022,-19.1553286985,146.848325786,110004
2500022,-19.1553613459,146.848092634,110005
2500022,-19.1548165299,146.847595078,110006
2500022,-19.1548165299,146.847595078,120001
2500022,-19.1546643098,146.847455902,120002
2500022,-19.1549813505,146.847172404,120003
2500022,-19.155603359,146.846621001,120004
2500022,-19.1557561492,146.846482777,120005
2500022,-19.1563696459,146.845945886,120006
2500022,-19.1543585753,146.843420254,120007
2500022,-19.153967103,146.842934994,120008
2500022,-19.1534150173,146.843425103,120009
2500022,-19.1534150173,146.843425103,130001
2500022,-19.1532018223,146.84361291,130002
2500022,-19.1525309378,146.84420873,130003
2500022,-19.151887586,146.844794054,130004
2500022,-19.151877828,146.844905176,130005
2500022,-19.1520016281,146.845617188,130006
2500022,-19.1520016281,146.845617188,140001
2500022,-19.1521879796,146.846691338,140002
2500022,-19.1521867116,146.846840958,140003
2500022,-19.152143762,146.846981716,140004
2500022,-19.1515963752,146.847478259,140005
2500022,-19.1518095865,146.847745802,140006
2500022,-19.1518095865,146.847745802,150001
2500022,-19.1528538621,146.849051209,150002
2500022,-19.1533125566,146.849609718,150003
2500022,-19.1533125566,146.849609718,160001
2500022,-19.1535976847,146.849956006,160002
2500022,-19.1537612302,146.850191324,160003
2500022,-19.1548995421,146.851618227,160004
2500022,-19.1552131589,146.851794952,160005
2500022,-19.1556110918,146.852017769,160006
2500022,-19.1556110918,146.852017769,170001
2500022,-19.1557412554,146.852089609,170002
2500022,-19.1569333711,146.852707955,170003
2500022,-19.15684347,146.853486644,170004
2500022,-19.156680143,146.854624023,170005
2500022,-19.1567643062,146.854826328,170006
2500022,-19.1567643062,146.854826328,180001
2500022,-19.1569256758,146.855211316,180002
2500022,-19.1571360458,146.855421236,180003
2500022,-19.1574721788,146.855625534,180004
2500022,-19.1582164032,146.856087314,180005
2500022,-19.1584486941,146.856199858,180006
2500022,-19.1587566304,146.856287815,180007
2500022,-19.1587566304,146.856287815,190001
2500022,-19.1587829419,146.85629441,190002
2500022,-19.15878899,146.856340574,190003
2500022,-19.15878899,146.856340574,200001
2500022,-19.1587889582,146.856339629,200002
2500022,-19.1588253343,146.856378038,200003
2500022,-19.1588795638,146.85638549,200004
2500022,-19.1589181153,146.856354708,200005
2500022,-19.1589260628,146.856296663,200006
2500022,-19.1588833017,146.856255651,200007
2500022,-19.1588274974,146.856254885,200008
2500022,-19.1587829419,146.85629441,200009
2500022,-19.1584486941,146.856199858,200010
2500022,-19.1582164032,146.856087314,200011
2500022,-19.1574721788,146.855625534,200012
2500022,-19.1575675734,146.856001617,200013
2500022,-19.1574597031,146.856218636,200014
2500022,-19.1574896379,146.856493962,200015
2500022,-19.1576633501,146.856817905,200016
2500022,-19.1577572332,146.857283037,200017
2500022,-19.1577987126,146.857661126,200018
2500022,-19.1578032978,146.858012185,200019
2500022,-19.1576872862,146.858281575,200020
2500022,-19.155982999,146.859719517,200021
2500022,-19.1545893638,146.860012695,200022
2500022,-19.1537132021,146.861061985,200023
2500022,-19.1537132021,146.861061985,210001
2500022,-19.1528897183,146.86204588,210002
2500022,-19.1523724986,146.861619195,210003
2500022,-19.1519743298,146.861281813,210004
2500022,-19.1517247129,146.861484205,210005
2500022,-19.1513876105,146.861545949,210006
2500022,-19.1511288182,146.861662532,210007
2500022,-19.1508060053,146.861935799,210008
2500022,-19.150447556,146.862246362,210009
2500022,-19.1501687411,146.862356113,210010
2500022,-19.149436722,146.862982527,210011
2500022,-19.1490673653,146.863048303,210012
2500022,-19.1487003091,146.863290072,210013
2500022,-19.1485060914,146.863910719,210014
2500022,-19.1484697353,146.863980228,210015
2500022,-19.1484697353,146.863980228,220001
2500022,-19.1483579397,146.864187909,220002
2500022,-19.1487829645,146.864521458,220003
2500022,-19.1489009638,146.864740493,220004
2500022,-19.1489558743,146.864956189,220005
2500022,-19.1494201504,146.865575127,220006
2500022,-19.1502037368,146.865950286,220007
2500022,-19.1498862738,146.867538281,220008
2500022,-19.1488834558,146.867789421,220009
2500022,-19.1488834558,146.867789421,230001
2500022,-19.1477529982,146.86807085,230002
2500022,-19.1475019092,146.868095307,230003
2500022,-19.1461005354,146.867889779,230004
2500022,-19.1453416272,146.868090208,230005
2500022,-19.1439571015,146.868307202,230006
2500022,-19.1430685412,146.868585322,230007
2500022,-19.1425568702,146.868619435,230008
2500022,-19.142149103,146.868666735,230009
2500022,-19.1414075801,146.868392245,230010
2500022,-19.1407662162,146.867481698,230011
2500022,-19.1404126311,146.867642478,230012
2500022,-19.1399987537,146.868205914,230013
2500022,-19.1397808194,146.868495138,230014
2500022,-19.1392310429,146.868627214,230015
2500022,-19.138592376,146.869302153,230016
2500022,-19.1372268585,146.869549645,230017
2500022,-19.1366281079,146.869481901,230018
2500022,-19.136064673,146.869179038,230019
2500022,-19.1330146046,146.868367224,230020
2500022,-19.1326056342,146.868781832,230021
2500022,-19.1326056342,146.868781832,240001
2500022,-19.1324089191,146.868979381,240002
2500022,-19.1318076707,146.868568122,240003
2500022,-19.1315670474,146.868179476,240004
2500022,-19.1308972235,146.867762243,240005
2500022,-19.130640422,146.866702138,240006
2500022,-19.1305106279,146.865646796,240007
2500022,-19.1307468063,146.864693373,240008
2500022,-19.1304697793,146.863191038,240009
2500022,-19.130152949,146.862837414,240010
2500022,-19.129440151,146.862775812,240011
2500022,-19.129440151,146.862775812,250001
2500022,-19.1293535104,146.862767666,250002
2500022,-19.1270765627,146.862555812,250003
2500022,-19.1270765627,146.862555812,260001
2500022,-19.1267579505,146.862525029,260002
2500022,-19.1241551719,146.862281709,260003
2500022,-19.123627242,146.862233128,260004
2500022,-19.123627242,146.862233128,270001
2500022,-19.1234042876,146.862211104,270002
2500022,-19.1222174737,146.862098919,270003
2500022,-19.1211737631,146.861961553,270004
2500022,-19.1211737631,146.861961553,280001
2500022,-19.1205619326,146.861879167,280002
2500022,-19.1203654017,146.86175962,280003
2500022,-19.1202800641,146.861709779,280004
2500022,-19.1193399432,146.861012037,280005
2500022,-19.1186966033,146.860714076,280006
2500022,-19.1183107372,146.86052867,280007
2500022,-19.1177163575,146.860322599,280008
2500022,-19.1176327029,146.860591661,280009
2500022,-19.117378747,146.861202088,280010
2500022,-19.1169992984,146.86212193,280011
2500023,-19.1169992984,146.86212193,10001
2500023,-19.117378747,146.861202088,10002
2500023,-19.1176327029,146.860591661,10003
2500023,-19.1177163575,146.860322599,10004
2500023,-19.1183107372,146.86052867,10005
2500023,-19.1186966033,146.860714076,10006
2500023,-19.1193399432,146.861012037,10007
2500023,-19.1202800641,146.861709779,10008
2500023,-19.1203654017,146.86175962,10009
2500023,-19.1205619326,146.861879167,10010
2500023,-19.1222174737,146.862098919,10011
2500023,-19.1234042876,146.862211104,10012
2500023,-19.1238230817,146.862251425,10013
2500023,-19.1238230817,146.862251425,20001
2500023,-19.1241551719,146.862281709,20002
2500023,-19.1267579505,146.862525029,20003
2500023,-19.1273419074,146.862580997,20004
2500023,-19.1273419074,146.862580997,30001
2500023,-19.1293535104,146.862767666,30002
2500023,-19.130152949,146.862837414,30003
2500023,-19.1304697793,146.863191038,30004
2500023,-19.1307468063,146.864693373,30005
2500023,-19.1305106279,146.865646796,30006
2500023,-19.130640422,146.866702138,30007
2500023,-19.1308972235,146.867762243,30008
2500023,-19.1315670474,146.868179476,30009
2500023,-19.1318076707,146.868568122,30010
2500023,-19.1324089191,146.868979381,30011
2500023,-19.1324907578,146.868897783,30012
2500023,-19.1324907578,146.868897783,40001
2500023,-19.1330146046,146.868367224,40002
2500023,-19.136064673,146.869179038,40003
2500023,-19.1366281079,146.869481901,40004
2500023,-19.1372268585,146.869549645,40005
2500023,-19.138592376,146.869302153,40006
2500023,-19.1392310429,146.868627214,40007
2500023,-19.1397808194,146.868495138,40008
2500023,-19.1399987537,146.868205914,40009
2500023,-19.1404126311,146.867642478,40010
2500023,-19.1407662162,146.867481698,40011
2500023,-19.1414075801,146.868392245,40012
2500023,-19.142149103,146.868666735,40013
2500023,-19.1425568702,146.868619435,40014
2500023,-19.1430685412,146.868585322,40015
2500023,-19.1439571015,146.868307202,40016
2500023,-19.1453416272,146.868090208,40017
2500023,-19.1461005354,146.867889779,40018
2500023,-19.1475019092,146.868095307,40019
2500023,-19.1477529982,146.86807085,40020
2500023,-19.1476886149,146.867518491,40021
2500023,-19.1476886149,146.867518491,50001
2500023,-19.1476189256,146.866915211,50002
2500023,-19.147832945,146.866025928,50003
2500023,-19.1480611521,146.865264865,50004
2500023,-19.1480611521,146.865264865,60001
2500023,-19.1481266797,146.865045647,60002
2500023,-19.1480480371,146.864497607,60003
2500023,-19.1481770008,146.864292129,60004
2500023,-19.1483579397,146.864187909,60005
2500023,-19.1485060914,146.863910719,60006
2500023,-19.1487003091,146.863290072,60007
2500023,-19.1490673653,146.863048303,60008
2500023,-19.149436722,146.862982527,60009
2500023,-19.1497717053,146.862696506,60010
2500023,-19.1497717053,146.862696506,70001
2500023,-19.1501687411,146.862356113,70002
2500023,-19.150447556,146.862246362,70003
2500023,-19.1508060053,146.861935799,70004
2500023,-19.1511288182,146.861662532,70005
2500023,-19.1513876105,146.861545949,70006
2500023,-19.1517166895,146.861486396,70007
2500023,-19.1517166895,146.861486396,80001
2500023,-19.1517247129,146.861484205,80002
2500023,-19.1519743298,146.861281813,80003
2500023,-19.1523724986,146.861619195,80004
2500023,-19.1528897183,146.86204588,80005
2500023,-19.1534268828,146.861403959,80006
2500023,-19.1534268828,146.861403959,90001
2500023,-19.1545893638,146.860012695,90002
2500023,-19.155982999,146.859719517,90003
2500023,-19.1576872862,146.858281575,90004
2500023,-19.1578032978,146.858012185,90005
2500023,-19.1577987126,146.857661126,90006
2500023,-19.1577572332,146.857283037,90007
2500023,-19.1576633501,146.856817905,90008
2500023,-19.1574896379,146.856493962,90009
2500023,-19.1574597031,146.856218636,90010
2500023,-19.1575675734,146.856001617,90011
2500023,-19.1574721788,146.855625534,90012
2500023,-19.1582164032,146.856087314,90013
2500023,-19.1584486941,146.856199858,90014
2500023,-19.1587566304,146.856287815,90015
2500023,-19.1587566304,146.856287815,100001
2500023,-19.1587829419,146.85629441,100002
2500023,-19.15878899,146.856340574,100003
2500023,-19.15878899,146.856340574,110001
2500023,-19.1587889582,146.856339629,110002
2500023,-19.1588253343,146.856378038,110003
2500023,-19.1588795638,146.85638549,110004
2500023,-19.1589181153,146.856354708,110005
2500023,-19.1589260628,146.856296663,110006
2500023,-19.1588833017,146.856255651,110007
2500023,-19.1588274974,146.856254885,110008
2500023,-19.1587829419,146.85629441,110009
2500023,-19.1584486941,146.856199858,110010
2500023,-19.1582164032,146.856087314,110011
2500023,-19.1574721788,146.855625534,110012
2500023,-19.1571360458,146.855421236,110013
2500023,-19.1569256758,146.855211316,110014
2500023,-19.156680143,146.854624023,110015
2500023,-19.15684347,146.853486644,110016
2500023,-19.1569333711,146.852707955,110017
2500023,-19.1557412554,146.852089609,110018
2500023,-19.1555606882,146.851990297,110019
2500023,-19.1555606882,146.851990297,120001
2500023,-19.1552131589,146.851794952,120002
2500023,-19.1548995421,146.851618227,120003
2500023,-19.1537612302,146.850191324,120004
2500023,-19.1535976847,146.849956006,120005
2500023,-19.1531700082,146.849437047,120006
2500023,-19.1531700082,146.849437047,130001
2500023,-19.1528538621,146.849051209,130002
2500023,-19.1515963752,146.847478259,130003
2500023,-19.152143762,146.846981716,130004
2500023,-19.1521867116,146.846840958,130005
2500023,-19.1521879796,146.846691338,130006
2500023,-19.1521166802,146.846283141,130007
2500023,-19.1521166802,146.846283141,140001
2500023,-19.151877828,146.844905176,140002
2500023,-19.151887586,146.844794054,140003
2500023,-19.1525309378,146.84420873,140004
2500023,-19.1532018223,146.84361291,140005
2500023,-19.153967103,146.842934994,140006
2500023,-19.1543585753,146.843420254,140007
2500023,-19.1563696459,146.845945886,140008
2500023,-19.1557561492,146.846482777,140009
2500023,-19.155603359,146.846621001,140010
2500023,-19.1549813505,146.847172404,140011
2500023,-19.1546643098,146.847455902,140012
2500023,-19.1550133408,146.847776142,140013
2500023,-19.1550133408,146.847776142,150001
2500023,-19.1553613459,146.848092634,150002
2500023,-19.1553286985,146.848325786,150003
2500023,-19.1556073186,146.849147553,150004
2500023,-19.1566509172,146.84823776,150005
2500023,-19.1566509172,146.84823776,160001
2500023,-19.1567915745,146.848113241,160002
2500023,-19.1575577721,146.847435288,160003
2500023,-19.1584406828,146.848543193,160004
2500023,-19.1587662866,146.848969396,160005
2500023,-19.1587662866,146.848969396,170001
2500023,-19.1590588843,146.849350441,170002
2500023,-19.1591488607,146.849457857,170003
2500023,-19.1619243847,146.848390783,170004
2500023,-19.1616305499,146.847544942,170005
2500023,-19.1616305499,146.847544942,180001
2500023,-19.1615508153,146.847314072,180002
2500023,-19.1606063221,146.844589581,180003
2500023,-19.1606063221,146.844589581,190001
2500023,-19.1604478724,146.844131597,190002
2500023,-19.1599338117,146.844414878,190003
2500023,-19.1596683365,146.844733392,190004
2500023,-19.1600720468,146.845288271,190005
2500023,-19.160553189,146.846674321,190006
2500023,-19.1608659417,146.847574359,190007
2500023,-19.1615508153,146.847314072,190008
2500023,-19.1628396211,146.846821118,190009
2500023,-19.1630909762,146.846724658,190010
2500023,-19.1633140237,146.846642506,190011
2500023,-19.164350641,146.846970282,190012
2500023,-19.164350641,146.846970282,200001
2500023,-19.1669402782,146.847786489,200002
2500023,-19.167661829,146.847734052,200003
2500023,-19.1705926431,146.846737754,200004
2500023,-19.1707178381,146.846581606,200005
2500023,-19.1707178381,146.846581606,210001
2500023,-19.1714256053,146.845691776,210002
2500023,-19.1720760909,146.845693096,210003
2500023,-19.1735757269,146.845129727,210004
2500023,-19.1740912106,146.843258597,210005
2500023,-19.1732955836,146.842553563,210006
2500023,-19.172941885,146.841373814,210007
2500023,-19.1730073652,146.840807094,210008
2500023,-19.1735386828,146.83972783,210009
2500023,-19.1735386828,146.83972783,220001
2500023,-19.1736952292,146.83940766,220002
2500023,-19.1743211974,146.838200829,220003
2500023,-19.1746942459,146.83747114,220004
2500023,-19.1750904924,146.837696833,220005
2500023,-19.1750904924,146.837696833,230001
2500023,-19.1757241987,146.838054735,230002
2500023,-19.1767667624,146.838638812,230003
2500023,-19.1773133904,146.838948843,230004
2500023,-19.1773133904,146.838948843,240001
2500023,-19.177808619,146.839228603,240002
2500023,-19.1788220803,146.839803363,240003
2500023,-19.1799240119,146.837931102,240004
2500023,-19.179977283,146.837776677,240005
