shape_id,shape_pt_lat,shape_pt_lon,shape_pt_sequence
BWN10002,-20.0129421084,148.246743818,10001
BWN10002,-20.012129696,148.246227635,10002
BWN10002,-20.0109899199,148.245502961,10003
BWN10002,-20.0098528702,148.244779167,10004
BWN10002,-20.0087158452,148.244056335,10005
BWN10002,-20.0077723199,148.243457358,10006
BWN10002,-20.0076930275,148.243391096,10007
BWN10002,-20.0076932358,148.243365345,10008
BWN10002,-20.0076870121,148.243335021,10009
BWN10002,-20.0076745103,148.24330584,10010
BWN10002,-20.0076567078,148.243280632,10011
BWN10002,-20.0076363318,148.243260269,10012
BWN10002,-20.0076253202,148.243252973,10013
BWN10002,-20.0086776183,148.241397251,10014
BWN10002,-20.0075343612,148.240644127,10015
BWN10002,-20.0075343612,148.240644127,20001
BWN10002,-20.0086776183,148.241397251,20002
BWN10002,-20.0076803907,148.243155966,20003
BWN10002,-20.0076803907,148.243155966,30001
BWN10002,-20.0076253202,148.243252973,30002
BWN10002,-20.0076097547,148.243243907,30003
BWN10002,-20.0075815815,148.243235221,30004
BWN10002,-20.0075526617,148.243232278,30005
BWN10002,-20.0075238958,148.243235051,30006
BWN10002,-20.0074962098,148.243244467,30007
BWN10002,-20.0074811314,148.243253502,30008
BWN10002,-20.007301033,148.243158811,30009
BWN10002,-20.0062979717,148.242524452,30010
BWN10002,-20.0057091332,148.242144592,30011
BWN10002,-20.0052745594,148.24187069,30012
BWN10002,-20.0052745594,148.24187069,40001
BWN10002,-20.0047501429,148.241540381,40002
BWN10002,-20.003848165,148.240978317,40003
BWN10002,-20.0049528633,148.239027616,40004
BWN10002,-20.0047382638,148.238890113,40005
BWN10002,-20.0047382638,148.238890113,50001
BWN10002,-20.0038267106,148.238307378,50002
BWN10002,-20.0031586764,148.237865093,50003
BWN10002,-20.0028921303,148.237706276,50004
BWN10002,-20.0028921303,148.237706276,60001
BWN10002,-20.0023571856,148.237386791,60002
BWN10002,-20.0018941527,148.237093742,60003
BWN10002,-20.0018941527,148.237093742,70001
BWN10002,-20.0015759703,148.236891672,70002
BWN10002,-20.0008983371,148.236461129,70003
BWN10002,-20.0013786406,148.2384994,70004
BWN10002,-20.0014381709,148.238601531,70005
BWN10002,-20.0014381709,148.238601531,80001
BWN10002,-20.0020307185,148.239621019,80002
BWN10002,-20.0022778117,148.240095063,80003
BWN10002,-20.0024065687,148.240324778,80004
BWN10002,-20.0010752644,148.242094433,80005
BWN10002,-20.0006819464,148.242516258,80006
BWN10002,-19.9996471845,148.242713316,80007
BWN10002,-19.9958421197,148.2430853,80008
BWN10002,-19.9943762852,148.243239065,80009
BWN10002,-19.9934372625,148.243410338,80010
BWN10002,-19.9927851811,148.242856975,80011
BWN10002,-19.9927851811,148.242856975,90001
BWN10002,-19.9920353609,148.242221706,90002
BWN10002,-19.9920353609,148.242221706,100001
BWN10002,-19.9919099149,148.242114889,100002
BWN10002,-19.991782405,148.240825937,100003
BWN10002,-19.991782405,148.240825937,110001
BWN10002,-19.9916707724,148.239691913,110002
BWN10002,-19.9916707724,148.239691913,120001
BWN10002,-19.991587718,148.238849718,120002
BWN10002,-19.9913883788,148.236868882,120003
BWN10002,-19.9913883788,148.236868882,130001
BWN10002,-19.9913577842,148.23656949,130002
BWN10002,-19.9895696757,148.236770194,130003
BWN10002,-19.9893647903,148.236792574,130004
BWN10002,-19.9893647903,148.236792574,140001
BWN10002,-19.9884572531,148.236894282,140002
BWN10002,-19.9867772063,148.237091715,140003
BWN10002,-19.9862724886,148.237191768,140004
BWN10002,-19.9865465155,148.236490429,140005
BWN10002,-19.9865465155,148.236490429,150001
BWN10002,-19.9866898071,148.236121933,150002
BWN10002,-19.9844914816,148.235212908,150003
BWN10002,-19.9843008847,148.235129991,150004
BWN10002,-19.9843008847,148.235129991,160001
BWN10002,-19.9836570799,148.234851,160002
BWN10002,-19.9830174061,148.233320172,160003
BWN10002,-19.9820088828,148.23382151,160004
BWN10002,-19.9817611757,148.23325794,160005
BWN10002,-19.9817611757,148.23325794,170001
BWN10002,-19.9810775234,148.231700818,170002
BWN10002,-19.9810506658,148.231640616,170003
BWN10002,-19.9810506658,148.231640616,180001
BWN10002,-19.9804466242,148.230262237,180002
BWN10002,-19.9803816635,148.230159333,180003
BWN10002,-19.9803869897,148.230156312,180004
BWN10002,-19.9804133635,148.230131684,180005
BWN10002,-19.9804333052,148.230102484,180006
BWN10002,-19.9804467892,148.230067758,180007
BWN10002,-19.9804548444,148.230032243,180008
BWN10002,-19.9804547435,148.229995067,180009
BWN10002,-19.9804465379,148.229958136,180010
BWN10002,-19.9804330061,148.229924225,180011
BWN10002,-19.9804132734,148.229894315,180012
BWN10002,-19.9803864906,148.229870336,180013
BWN10002,-19.9803571346,148.229851202,180014
BWN10002,-19.9803234813,148.229839825,180015
BWN10002,-19.980289133,148.229836094,180016
BWN10002,-19.9802585665,148.229838923,180017
BWN10002,-19.9802210527,148.229851494,180018
BWN10002,-19.9801909227,148.229870515,180019
BWN10002,-19.9801654238,148.229894164,180020
BWN10002,-19.9801472318,148.229921405,180021
BWN10002,-19.9801446072,148.229924344,180022
BWN10002,-19.9801310975,148.229958117,180023
BWN10002,-19.9801230424,148.229993632,180024
BWN10002,-19.9801231689,148.23003176,180025
BWN10002,-19.9801313488,148.230067739,180026
BWN10002,-19.9801448806,148.23010165,180027
BWN10002,-19.9801646389,148.230132513,180028
BWN10002,-19.9801969276,148.230160138,180029
BWN10002,-19.9796686835,148.230992094,180030
BWN10002,-19.9780176508,148.229891255,180031
BWN10002,-19.9780176508,148.229891255,190001
BWN10002,-19.9779781836,148.2298648,190002
BWN10002,-19.9766769244,148.229001285,190003
BWN10002,-19.9766769244,148.229001285,200001
BWN10002,-19.9762850567,148.228740467,200002
BWN10002,-19.974271173,148.227385609,200003
BWN10002,-19.974271173,148.227385609,210001
BWN10002,-19.9740040613,148.227205874,210002
BWN10002,-19.9740408095,148.227599416,210003
BWN10002,-19.9726305583,148.226738271,210004
BWN10002,-19.9723023925,148.22653369,210005
BWN10002,-19.9723023925,148.22653369,220001
BWN10002,-19.9715259861,148.226049987,220002
BWN10002,-19.9707027536,148.225534337,220003
BWN10002,-19.9708102319,148.225342353,220004
BWN10002,-19.9708102319,148.225342353,230001
BWN10002,-19.9711798811,148.224679181,230002
BWN10002,-19.9720031154,148.225194827,230003
BWN10002,-19.9723812989,148.225416007,230004
BWN10002,-19.9723812989,148.225416007,240001
BWN10002,-19.9731202474,148.225847456,240002
BWN10002,-19.9735563965,148.226112646,240003
BWN10002,-19.9735563965,148.226112646,250001
BWN10002,-19.973929305,148.226338756,250002
BWN10002,-19.973875375,148.225742689,250003
BWN10002,-19.9741700427,148.225941608,250004
BWN10002,-19.9741700427,148.225941608,260001
BWN10002,-19.9761786076,148.227299465,260002
BWN10002,-19.9761786076,148.227299465,270001
BWN10002,-19.9768652463,148.227763014,270002
BWN10002,-19.97837123,148.228765242,270003
BWN10002,-19.97837123,148.228765242,280001
BWN10002,-19.9785575289,148.22888927,280002
BWN10002,-19.9801472318,148.229921405,280003
BWN10002,-19.9801446072,148.229924344,280004
BWN10002,-19.9801310975,148.229958117,280005
BWN10002,-19.9801230424,148.229993632,280006
BWN10002,-19.9801231689,148.23003176,280007
BWN10002,-19.9801313488,148.230067739,280008
BWN10002,-19.9801448806,148.23010165,280009
BWN10002,-19.9801646389,148.230132513,280010
BWN10002,-19.9801969276,148.230160138,280011
BWN10002,-19.980220752,148.230174672,280012
BWN10002,-19.9802544053,148.23018605,280013
BWN10002,-19.9802887536,148.230189781,280014
BWN10002,-19.980323797,148.230185864,280015
BWN10002,-19.9803568597,148.230175334,280016
BWN10002,-19.9803816635,148.230159333,280017
BWN10002,-19.9804466242,148.230262237,280018
BWN10002,-19.9807711819,148.231001747,280019
BWN10002,-19.9807711819,148.231001747,290001
BWN10002,-19.9810775234,148.231700818,290002
BWN10002,-19.9816930039,148.233102698,290003
BWN10002,-19.9816930039,148.233102698,300001
BWN10002,-19.9820088828,148.23382151,300002
BWN10002,-19.9830174061,148.233320172,300003
BWN10002,-19.9835655773,148.234632585,300004
BWN10002,-19.9835655773,148.234632585,310001
BWN10002,-19.9836570799,148.234851,310002
BWN10002,-19.9844914816,148.235212908,310003
BWN10002,-19.9840931028,148.236283111,310004
BWN10002,-19.9860786233,148.237121341,310005
BWN10002,-19.9862724886,148.237191768,310006
BWN10002,-19.9872895983,148.23808016,310007
BWN10002,-19.9872895983,148.23808016,320001
BWN10002,-19.9916754631,148.241909342,320002
BWN10002,-19.9916754631,148.241909342,330001
BWN10002,-19.9919099149,148.242114889,330002
BWN10002,-19.991782405,148.240825937,330003
BWN10002,-19.991782405,148.240825937,340001
BWN10002,-19.9916707724,148.239691913,340002
BWN10002,-19.9916707724,148.239691913,350001
BWN10002,-19.991587718,148.238849718,350002
BWN10002,-19.9913883788,148.236868882,350003
BWN10002,-19.9913883788,148.236868882,360001
BWN10002,-19.9913577842,148.23656949,360002
BWN10002,-19.9920775196,148.236488689,360003
BWN10002,-19.9921709697,148.236478245,360004
BWN10002,-19.9921709697,148.236478245,370001
BWN10002,-19.9926947995,148.236418602,370002
BWN10002,-19.9938466894,148.23628759,370003
BWN10002,-19.9938466894,148.23628759,380001
BWN10002,-19.9940560513,148.236264118,380002
BWN10002,-19.9951450317,148.236139765,380003
BWN10002,-19.99738415,148.235886344,380004
BWN10002,-19.9980760184,148.235808278,380005
BWN10002,-19.9980760184,148.235808278,390001
BWN10002,-19.9982790762,148.235784994,390002
BWN10002,-19.9989439541,148.235708693,390003
BWN10002,-20.0006602954,148.235520594,390004
BWN10002,-20.0007218255,148.23576377,390005
BWN10002,-20.0008983371,148.236461129,390006
BWN10002,-20.0013786406,148.2384994,390007
BWN10002,-20.0014381709,148.238601531,390008
BWN10002,-20.0014381709,148.238601531,400001
BWN10002,-20.0020307185,148.239621019,400002
BWN10002,-20.0022778117,148.240095063,400003
BWN10002,-20.0026550882,148.240349707,400004
BWN10002,-20.0038088433,148.241057685,400005
BWN10002,-20.0047109493,148.241624513,400006
BWN10002,-20.0056626581,148.242226084,400007
BWN10002,-20.0062523458,148.242604011,400008
BWN10002,-20.0072096107,148.243211146,400009
BWN10002,-20.0072096107,148.243211146,410001
BWN10002,-20.0072518047,148.24323848,410002
BWN10002,-20.0074161805,148.24335176,410003
BWN10002,-20.0074129373,148.243365207,410004
BWN10002,-20.0074128829,148.243396673,410005
BWN10002,-20.0074191065,148.243426997,410006
BWN10002,-20.0074307078,148.243456206,410007
BWN10002,-20.0074494108,148.243481387,410008
BWN10002,-20.0074697867,148.243501749,410009
BWN10002,-20.0074798722,148.24350812,410010
BWN10002,-20.0074963639,148.243518112,410011
BWN10002,-20.0075236365,148.243526825,410012
BWN10002,-20.0075525563,148.243529768,410013
BWN10002,-20.0075822228,148.243526967,410014
BWN10002,-20.0076099344,148.243518505,410015
BWN10002,-20.0076356399,148.243502475,410016
BWN10002,-20.0076417642,148.243495616,410017
BWN10002,-20.0076566888,148.243480864,410018
BWN10002,-20.0076749591,148.243456477,410019
BWN10002,-20.0076867975,148.243427516,410020
BWN10002,-20.0076931814,148.243396812,410021
BWN10002,-20.0076930275,148.243391096,410022
BWN10002,-20.0076932358,148.243365345,410023
BWN10002,-20.0076870121,148.243335021,410024
BWN10002,-20.0076745103,148.24330584,410025
BWN10002,-20.0076567078,148.243280632,410026
BWN10002,-20.0076363318,148.243260269,410027
BWN10002,-20.0076253202,148.243252973,410028
BWN10002,-20.0086776183,148.241397251,410029
BWN10002,-20.0075343612,148.240644127,410030
BWN10002,-20.0075343612,148.240644127,420001
BWN10002,-20.0086776183,148.241397251,420002
BWN10002,-20.0098091224,148.239404677,420003
BWN10002,-20.0107272791,148.237790375,420004
BWN10002,-20.0107272791,148.237790375,430001
BWN10002,-20.0109389767,148.2374188,430002
BWN10002,-20.0120751206,148.238141611,430003
BWN10002,-20.0132130133,148.238862472,430004
BWN10002,-20.0143500558,148.239585275,430005
BWN10002,-20.0154870718,148.240307134,430006
BWN10002,-20.0166277916,148.241032704,430007
BWN10002,-20.0158095869,148.242477181,430008
BWN10002,-20.0158095869,148.242477181,440001
BWN10002,-20.0155067322,148.243011705,440002
BWN10002,-20.0166448201,148.243740238,440003
BWN10002,-20.0177775808,148.244471801,440004
BWN10002,-20.0169721625,148.245890147,440005
BWN10002,-20.0169721625,148.245890147,450001
BWN10002,-20.016647783,148.246462506,450002
BWN10002,-20.015510731,148.245738688,450003
BWN10002,-20.0147550972,148.245256075,450004
BWN10002,-20.0147550972,148.245256075,460001
BWN10002,-20.0143708482,148.245010197,460002
BWN10002,-20.013864838,148.245899819,460003
BWN10002,-20.013864838,148.245899819,470001
BWN10002,-20.0133295876,148.246841807,470002
BWN10002,-20.0133121697,148.246830889,470003
BWN10002,-20.0132812694,148.246821331,470004
BWN10002,-20.013248696,148.24681659,470005
BWN10002,-20.0132172795,148.24682135,470006
BWN10002,-20.0131859911,148.246830874,470007
BWN10002,-20.0131576094,148.246847939,470008
BWN10002,-20.0131505845,148.246854825,470009
BWN10002,-20.0130319506,148.246800232,470010
BWN10002,-20.0129421084,148.246743818,470011
BWN20001,-20.0129421084,148.246743818,10001
BWN20001,-20.012129696,148.246227635,10002
BWN20001,-20.0120841201,148.246309102,10003
BWN20001,-20.0109810813,148.248190211,10004
BWN20001,-20.0116081426,148.248617584,10005
BWN20001,-20.0116081426,148.248617584,20001
BWN20001,-20.0121277904,148.24897191,20002
BWN20001,-20.0110262813,148.250911125,20003
BWN20001,-20.011557654,148.251299432,20004
BWN20001,-20.0121667041,148.251693988,20005
BWN20001,-20.0132780101,148.252399548,20006
BWN20001,-20.0143747642,148.253200908,20007
BWN20001,-20.0146479063,148.252699717,20008
BWN20001,-20.0146479063,148.252699717,30001
BWN20001,-20.0150214955,148.252012423,30002
BWN20001,-20.0155232926,148.251132469,30003
BWN20001,-20.0165792609,148.249108744,30004
BWN20001,-20.0155275296,148.248440502,30005
BWN20001,-20.0153288905,148.248259588,30006
BWN20001,-20.0144110206,148.247676005,30007
BWN20001,-20.0146485261,148.247257883,30008
BWN20001,-20.0146485261,148.247257883,40001
BWN20001,-20.015510731,148.245738688,40002
BWN20001,-20.0166448201,148.243740238,40003
BWN20001,-20.0177775808,148.244471801,40004
BWN20001,-20.0169721625,148.245890147,40005
BWN20001,-20.0169721625,148.245890147,50001
BWN20001,-20.016647783,148.246462506,50002
BWN20001,-20.015510731,148.245738688,50003
BWN20001,-20.0147550972,148.245256075,50004
BWN20001,-20.0147550972,148.245256075,60001
BWN20001,-20.0143708482,148.245010197,60002
BWN20001,-20.013864838,148.245899819,60003
BWN20001,-20.013864838,148.245899819,70001
BWN20001,-20.0133295876,148.246841807,70002
BWN20001,-20.0133121697,148.246830889,70003
BWN20001,-20.0132812694,148.246821331,70004
BWN20001,-20.013248696,148.24681659,70005
BWN20001,-20.0132172795,148.24682135,70006
BWN20001,-20.0131859911,148.246830874,70007
BWN20001,-20.0131576094,148.246847939,70008
BWN20001,-20.0131505845,148.246854825,70009
BWN20001,-20.0130319506,148.246800232,70010
BWN20001,-20.0129421084,148.246743818,70011
BWN30001,-20.0129421084,148.246743818,10001
BWN30001,-20.012129696,148.246227635,10002
BWN30001,-20.0109899199,148.245502961,10003
BWN30001,-20.0098528702,148.244779167,10004
BWN30001,-20.0087158452,148.244056335,10005
BWN30001,-20.0077723199,148.243457358,10006
BWN30001,-20.0076930275,148.243391096,10007
BWN30001,-20.0076932358,148.243365345,10008
BWN30001,-20.0076870121,148.243335021,10009
BWN30001,-20.0076745103,148.24330584,10010
BWN30001,-20.0076567078,148.243280632,10011
BWN30001,-20.0076363318,148.243260269,10012
BWN30001,-20.0076253202,148.243252973,10013
BWN30001,-20.0086776183,148.241397251,10014
BWN30001,-20.0075343612,148.240644127,10015
BWN30001,-20.0075343612,148.240644127,20001
BWN30001,-20.0086776183,148.241397251,20002
BWN30001,-20.0076803907,148.243155966,20003
BWN30001,-20.0076803907,148.243155966,30001
BWN30001,-20.0076253202,148.243252973,30002
BWN30001,-20.0076097547,148.243243907,30003
BWN30001,-20.0075815815,148.243235221,30004
BWN30001,-20.0075526617,148.243232278,30005
BWN30001,-20.0075238958,148.243235051,30006
BWN30001,-20.0074962098,148.243244467,30007
BWN30001,-20.0074811314,148.243253502,30008
BWN30001,-20.007301033,148.243158811,30009
BWN30001,-20.0062979717,148.242524452,30010
BWN30001,-20.0057091332,148.242144592,30011
BWN30001,-20.0052745594,148.24187069,30012
BWN30001,-20.0052745594,148.24187069,40001
BWN30001,-20.0047501429,148.241540381,40002
BWN30001,-20.003848165,148.240978317,40003
BWN30001,-20.0049528633,148.239027616,40004
BWN30001,-20.0047382638,148.238890113,40005
BWN30001,-20.0047382638,148.238890113,50001
BWN30001,-20.0038267106,148.238307378,50002
BWN30001,-20.0031586764,148.237865093,50003
BWN30001,-20.0028921303,148.237706276,50004
BWN30001,-20.0028921303,148.237706276,60001
BWN30001,-20.0023571856,148.237386791,60002
BWN30001,-20.0018941527,148.237093742,60003
BWN30001,-20.0018941527,148.237093742,70001
BWN30001,-20.0015759703,148.236891672,70002
BWN30001,-20.0008983371,148.236461129,70003
BWN30001,-20.0013786406,148.2384994,70004
BWN30001,-20.0014381709,148.238601531,70005
BWN30001,-20.0014381709,148.238601531,80001
BWN30001,-20.0020307185,148.239621019,80002
BWN30001,-20.0022778117,148.240095063,80003
BWN30001,-20.0024065687,148.240324778,80004
BWN30001,-20.0010752644,148.242094433,80005
BWN30001,-20.0006819464,148.242516258,80006
BWN30001,-19.9996471845,148.242713316,80007
BWN30001,-19.9958421197,148.2430853,80008
BWN30001,-19.9943762852,148.243239065,80009
BWN30001,-19.9934372625,148.243410338,80010
BWN30001,-19.9914168723,148.243587455,80011
BWN30001,-19.9890859906,148.243848266,80012
BWN30001,-19.9890859906,148.243848266,90001
BWN30001,-19.9889745795,148.243861152,90002
BWN30001,-19.988345532,148.243929653,90003
BWN30001,-19.9872609082,148.244049039,90004
BWN30001,-19.9870840803,148.242232491,90005
BWN30001,-19.9861494657,148.242333071,90006
BWN30001,-19.9861494657,148.242333071,100001
BWN30001,-19.9860002835,148.242349,100002
BWN30001,-19.9861977945,148.244163961,100003
BWN30001,-19.9863586843,148.244147681,100004
BWN30001,-19.9864738533,148.245313985,100005
BWN30001,-19.9864738533,148.245313985,110001
BWN30001,-19.9864910694,148.245485071,110002
BWN30001,-19.9866215668,148.246819662,110003
BWN30001,-19.9867440925,148.248059161,110004
BWN30001,-19.9867440925,148.248059161,120001
BWN30001,-19.9867538302,148.248153251,120002
BWN30001,-19.9869465548,148.250262019,120003
BWN30001,-19.9869486198,148.250540339,120004
BWN30001,-19.9869486198,148.250540339,130001
BWN30001,-19.9869613637,148.252190233,130002
BWN30001,-19.9869402021,148.25442461,130003
BWN30001,-19.9872925016,148.254958411,130004
BWN30001,-19.9878505553,148.25567004,130005
BWN30001,-19.9884270335,148.256363008,130006
BWN30001,-19.9889099415,148.256994912,130007
BWN30001,-19.9893738153,148.257589255,130008
BWN30001,-19.9896898883,148.258083162,130009
BWN30001,-19.9911033329,148.262632339,130010
BWN30001,-19.991701821,148.263306575,130011
BWN30001,-19.9919222738,148.263663218,130012
BWN30001,-19.9921258414,148.26426444,130013
BWN30001,-19.9920665528,148.264945046,130014
BWN30001,-19.9911676915,148.264497177,130015
BWN30001,-19.990523936,148.264421123,130016
BWN30001,-19.9905300078,148.264748911,130017
BWN30001,-19.9905959367,148.265359974,130018
BWN30001,-19.9916159494,148.265855703,130019
BWN30001,-19.9919562707,148.265168587,130020
BWN30001,-19.9919562707,148.265168587,140001
BWN30001,-19.9920665528,148.264945046,140002
BWN30001,-19.9921258414,148.26426444,140003
BWN30001,-19.9919222738,148.263663218,140004
BWN30001,-19.991701821,148.263306575,140005
BWN30001,-19.9911033329,148.262632339,140006
BWN30001,-19.9896898883,148.258083162,140007
BWN30001,-19.9893738153,148.257589255,140008
BWN30001,-19.9889099415,148.256994912,140009
BWN30001,-19.9884270335,148.256363008,140010
BWN30001,-19.9878505553,148.25567004,140011
BWN30001,-19.9872925016,148.254958411,140012
BWN30001,-19.9869402021,148.25442461,140013
BWN30001,-19.9869537458,148.255063915,140014
BWN30001,-19.9866713358,148.255724495,140015
BWN30001,-19.9855916207,148.257305155,140016
BWN30001,-19.9847247294,148.258016623,140017
BWN30001,-19.984295048,148.25832791,140018
BWN30001,-19.9839268249,148.258443821,140019
BWN30001,-19.9836103775,148.258406595,140020
BWN30001,-19.9823871351,148.258062888,140021
BWN30001,-19.9821272514,148.257983927,140022
BWN30001,-19.98129017,148.258597237,140023
BWN30001,-19.9808442318,148.258873727,140024
BWN30001,-19.9800158319,148.259878586,140025
BWN30001,-19.9799643497,148.259975462,140026
BWN30001,-19.9799643497,148.259975462,150001
BWN30001,-19.9800158319,148.259878586,150002
BWN30001,-19.9808442318,148.258873727,150003
BWN30001,-19.98129017,148.258597237,150004
BWN30001,-19.9821272514,148.257983927,150005
BWN30001,-19.9823871351,148.258062888,150006
BWN30001,-19.9836103775,148.258406595,150007
BWN30001,-19.9839268249,148.258443821,150008
BWN30001,-19.984295048,148.25832791,150009
BWN30001,-19.9847247294,148.258016623,150010
BWN30001,-19.9855916207,148.257305155,150011
BWN30001,-19.9866713358,148.255724495,150012
BWN30001,-19.9869537458,148.255063915,150013
BWN30001,-19.9869402021,148.25442461,150014
BWN30001,-19.9869613637,148.252190233,150015
BWN30001,-19.9869494072,148.250603238,150016
BWN30001,-19.9869494072,148.250603238,160001
BWN30001,-19.9869465548,148.250262019,160002
BWN30001,-19.9867538302,148.248153251,160003
BWN30001,-19.9880145604,148.248013346,160004
BWN30001,-19.9879257408,148.24712271,160005
BWN30001,-19.9879257408,148.24712271,170001
BWN30001,-19.9878812398,148.246674059,170002
BWN30001,-19.9866215668,148.246819662,170003
BWN30001,-19.9864910694,148.245485071,170004
BWN30001,-19.9864168352,148.244735105,170005
BWN30001,-19.9864168352,148.244735105,180001
BWN30001,-19.9863586843,148.244147681,180002
BWN30001,-19.987202501,148.244055563,180003
BWN30001,-19.987202501,148.244055563,190001
BWN30001,-19.9872609082,148.244049039,190002
BWN30001,-19.988320368,148.243932317,190003
BWN30001,-19.988320368,148.243932317,200001
BWN30001,-19.988345532,148.243929653,200002
BWN30001,-19.9889745795,148.243861152,200003
BWN30001,-19.9914168723,148.243587455,200004
BWN30001,-19.9934372625,148.243410338,200005
BWN30001,-19.9927851811,148.242856975,200006
BWN30001,-19.9927851811,148.242856975,210001
BWN30001,-19.9920353609,148.242221706,210002
BWN30001,-19.9920353609,148.242221706,220001
BWN30001,-19.9919099149,148.242114889,220002
BWN30001,-19.991782405,148.240825937,220003
BWN30001,-19.991782405,148.240825937,230001
BWN30001,-19.9916707724,148.239691913,230002
BWN30001,-19.9916707724,148.239691913,240001
BWN30001,-19.991587718,148.238849718,240002
BWN30001,-19.9913883788,148.236868882,240003
BWN30001,-19.9913883788,148.236868882,250001
BWN30001,-19.9913577842,148.23656949,250002
BWN30001,-19.9920775196,148.236488689,250003
BWN30001,-19.9921709697,148.236478245,250004
BWN30001,-19.9921709697,148.236478245,260001
BWN30001,-19.9926947995,148.236418602,260002
BWN30001,-19.9938466894,148.23628759,260003
BWN30001,-19.9938466894,148.23628759,270001
BWN30001,-19.9940560513,148.236264118,270002
BWN30001,-19.9951450317,148.236139765,270003
BWN30001,-19.99738415,148.235886344,270004
BWN30001,-19.9980760184,148.235808278,270005
BWN30001,-19.9980760184,148.235808278,280001
BWN30001,-19.9982790762,148.235784994,280002
BWN30001,-19.9989439541,148.235708693,280003
BWN30001,-20.0006602954,148.235520594,280004
BWN30001,-20.0007218255,148.23576377,280005
BWN30001,-20.0008983371,148.236461129,280006
BWN30001,-20.0013786406,148.2384994,280007
BWN30001,-20.0014381709,148.238601531,280008
BWN30001,-20.0014381709,148.238601531,290001
BWN30001,-20.0020307185,148.239621019,290002
BWN30001,-20.0022778117,148.240095063,290003
BWN30001,-20.0026550882,148.240349707,290004
BWN30001,-20.0038088433,148.241057685,290005
BWN30001,-20.0047109493,148.241624513,290006
BWN30001,-20.0056626581,148.242226084,290007
BWN30001,-20.0062523458,148.242604011,290008
BWN30001,-20.0072096107,148.243211146,290009
BWN30001,-20.0072096107,148.243211146,300001
BWN30001,-20.0072518047,148.24323848,300002
BWN30001,-20.0074161805,148.24335176,300003
BWN30001,-20.0074129373,148.243365207,300004
BWN30001,-20.0074128829,148.243396673,300005
BWN30001,-20.0074191065,148.243426997,300006
BWN30001,-20.0074307078,148.243456206,300007
BWN30001,-20.0074494108,148.243481387,300008
BWN30001,-20.0074697867,148.243501749,300009
BWN30001,-20.0074798722,148.24350812,300010
BWN30001,-20.0074963639,148.243518112,300011
BWN30001,-20.0075236365,148.243526825,300012
BWN30001,-20.0075525563,148.243529768,300013
BWN30001,-20.0075822228,148.243526967,300014
BWN30001,-20.0076099344,148.243518505,300015
BWN30001,-20.0076356399,148.243502475,300016
BWN30001,-20.0076417642,148.243495616,300017
BWN30001,-20.0076566888,148.243480864,300018
BWN30001,-20.0076749591,148.243456477,300019
BWN30001,-20.0076867975,148.243427516,300020
BWN30001,-20.0076931814,148.243396812,300021
BWN30001,-20.0076930275,148.243391096,300022
BWN30001,-20.0076932358,148.243365345,300023
BWN30001,-20.0076870121,148.243335021,300024
BWN30001,-20.0076745103,148.24330584,300025
BWN30001,-20.0076567078,148.243280632,300026
BWN30001,-20.0076363318,148.243260269,300027
BWN30001,-20.0076253202,148.243252973,300028
BWN30001,-20.0086776183,148.241397251,300029
BWN30001,-20.0075343612,148.240644127,300030
BWN30001,-20.0075343612,148.240644127,310001
BWN30001,-20.0086776183,148.241397251,310002
BWN30001,-20.0098091224,148.239404677,310003
BWN30001,-20.0107272791,148.237790375,310004
BWN30001,-20.0107272791,148.237790375,320001
BWN30001,-20.0109389767,148.2374188,320002
BWN30001,-20.0120751206,148.238141611,320003
BWN30001,-20.0132130133,148.238862472,320004
BWN30001,-20.0143500558,148.239585275,320005
BWN30001,-20.0154870718,148.240307134,320006
BWN30001,-20.0166277916,148.241032704,320007
BWN30001,-20.0158095869,148.242477181,320008
BWN30001,-20.0158095869,148.242477181,330001
BWN30001,-20.0155067322,148.243011705,330002
BWN30001,-20.0166448201,148.243740238,330003
BWN30001,-20.0177775808,148.244471801,330004
BWN30001,-20.0169721625,148.245890147,330005
BWN30001,-20.0169721625,148.245890147,340001
BWN30001,-20.016647783,148.246462506,340002
BWN30001,-20.015510731,148.245738688,340003
BWN30001,-20.0147550972,148.245256075,340004
BWN30001,-20.0147550972,148.245256075,350001
BWN30001,-20.0143708482,148.245010197,350002
BWN30001,-20.013864838,148.245899819,350003
BWN30001,-20.013864838,148.245899819,360001
BWN30001,-20.0133295876,148.246841807,360002
BWN30001,-20.0133121697,148.246830889,360003
BWN30001,-20.0132812694,148.246821331,360004
BWN30001,-20.013248696,148.24681659,360005
BWN30001,-20.0132172795,148.24682135,360006
BWN30001,-20.0131859911,148.246830874,360007
BWN30001,-20.0131576094,148.246847939,360008
BWN30001,-20.0131505845,148.246854825,360009
BWN30001,-20.0130319506,148.246800232,360010
BWN30001,-20.0129421084,148.246743818,360011
BWN40001,-20.0129421084,148.246743818,10001
BWN40001,-20.012129696,148.246227635,10002
BWN40001,-20.0109899199,148.245502961,10003
BWN40001,-20.0098528702,148.244779167,10004
BWN40001,-20.0087158452,148.244056335,10005
BWN40001,-20.0077723199,148.243457358,10006
BWN40001,-20.0076930275,148.243391096,10007
BWN40001,-20.0076932358,148.243365345,10008
BWN40001,-20.0076870121,148.243335021,10009
BWN40001,-20.0076745103,148.24330584,10010
BWN40001,-20.0076567078,148.243280632,10011
BWN40001,-20.0076363318,148.243260269,10012
BWN40001,-20.0076253202,148.243252973,10013
BWN40001,-20.0086776183,148.241397251,10014
BWN40001,-20.0075343612,148.240644127,10015
BWN40001,-20.0075343612,148.240644127,20001
BWN40001,-20.0086776183,148.241397251,20002
BWN40001,-20.0076803907,148.243155966,20003
BWN40001,-20.0076803907,148.243155966,30001
BWN40001,-20.0076253202,148.243252973,30002
BWN40001,-20.0076097547,148.243243907,30003
BWN40001,-20.0075815815,148.243235221,30004
BWN40001,-20.0075526617,148.243232278,30005
BWN40001,-20.0075238958,148.243235051,30006
BWN40001,-20.0074962098,148.243244467,30007
BWN40001,-20.0074811314,148.243253502,30008
BWN40001,-20.007301033,148.243158811,30009
BWN40001,-20.0062979717,148.242524452,30010
BWN40001,-20.0057091332,148.242144592,30011
BWN40001,-20.0052745594,148.24187069,30012
BWN40001,-20.0052745594,148.24187069,40001
BWN40001,-20.0047501429,148.241540381,40002
BWN40001,-20.003848165,148.240978317,40003
BWN40001,-20.0049528633,148.239027616,40004
BWN40001,-20.0047382638,148.238890113,40005
BWN40001,-20.0047382638,148.238890113,50001
BWN40001,-20.0038267106,148.238307378,50002
BWN40001,-20.0031586764,148.237865093,50003
BWN40001,-20.0028921303,148.237706276,50004
BWN40001,-20.0028921303,148.237706276,60001
BWN40001,-20.0023571856,148.237386791,60002
BWN40001,-20.0018941527,148.237093742,60003
BWN40001,-20.0018941527,148.237093742,70001
BWN40001,-20.0015759703,148.236891672,70002
BWN40001,-20.0008983371,148.236461129,70003
BWN40001,-20.0013786406,148.2384994,70004
BWN40001,-20.0014381709,148.238601531,70005
BWN40001,-20.0014381709,148.238601531,80001
BWN40001,-20.0020307185,148.239621019,80002
BWN40001,-20.0022778117,148.240095063,80003
BWN40001,-20.0024065687,148.240324778,80004
BWN40001,-20.0010752644,148.242094433,80005
BWN40001,-20.0006819464,148.242516258,80006
BWN40001,-19.9996471845,148.242713316,80007
BWN40001,-19.9996037971,148.242273183,80008
BWN40001,-19.9996037971,148.242273183,90001
BWN40001,-19.999243729,148.238606649,90002
BWN40001,-19.9990850158,148.237064022,90003
BWN40001,-19.9990703856,148.236922403,90004
BWN40001,-19.9990703856,148.236922403,100001
BWN40001,-19.999046036,148.236687641,100002
BWN40001,-19.9989439541,148.235708693,100003
BWN40001,-20.0006602954,148.235520594,100004
BWN40001,-20.0003805204,148.23450314,100005
BWN40001,-20.0001111357,148.233470123,100006
BWN40001,-20.0006148674,148.233400579,100007
BWN40001,-20.0006148674,148.233400579,110001
BWN40001,-20.0019608272,148.233214091,110002
BWN40001,-20.0019608272,148.233214091,120001
BWN40001,-20.0030679653,148.2330615,120002
BWN40001,-20.0030679653,148.2330615,130001
BWN40001,-20.003363365,148.233020168,130002
BWN40001,-20.0037858673,148.232979767,130003
BWN40001,-20.0043320091,148.233313201,130004
BWN40001,-20.0043320091,148.233313201,140001
BWN40001,-20.0045299395,148.233434037,140002
BWN40001,-20.0045701264,148.233487171,140003
BWN40001,-20.0053622359,148.233918066,140004
BWN40001,-20.005803147,148.234192707,140005
BWN40001,-20.0060521133,148.233365215,140006
BWN40001,-20.0061092911,148.233179471,140007
BWN40001,-20.0061092911,148.233179471,150001
BWN40001,-20.0065006775,148.231918618,150002
BWN40001,-20.0065006775,148.231918618,160001
BWN40001,-20.0067220983,148.231206369,160002
BWN40001,-20.0064828066,148.230588123,160003
BWN40001,-20.0073469647,148.230950086,160004
BWN40001,-20.0075767249,148.231014658,160005
BWN40001,-20.0075767249,148.231014658,170001
BWN40001,-20.0076611933,148.231038804,170002
BWN40001,-20.0083188338,148.230961735,170003
BWN40001,-20.0090751794,148.230501246,170004
BWN40001,-20.0090751794,148.230501246,180001
BWN40001,-20.0095220491,148.230228401,180002
BWN40001,-20.0095166687,148.230396376,180003
BWN40001,-20.011202733,148.23145817,180004
BWN40001,-20.011202733,148.23145817,190001
BWN40001,-20.0115859642,148.231699271,190002
BWN40001,-20.0112526274,148.2322719,190003
BWN40001,-20.0110840657,148.232604991,190004
BWN40001,-20.010940463,148.232861049,190005
BWN40001,-20.010940463,148.232861049,200001
BWN40001,-20.0102783303,148.234041437,200002
BWN40001,-20.0102783303,148.234041437,210001
BWN40001,-20.0101648303,148.234244142,210002
BWN40001,-20.0112035737,148.234897399,210003
BWN40001,-20.0113337606,148.234979285,210004
BWN40001,-20.0113337606,148.234979285,220001
BWN40001,-20.0120561696,148.235432326,220002
BWN40001,-20.0131987004,148.236157792,220003
BWN40001,-20.0133045596,148.235972477,220004
BWN40001,-20.0133045596,148.235972477,230001
BWN40001,-20.014124587,148.234530808,230002
BWN40001,-20.014124587,148.234530808,240001
BWN40001,-20.0143181863,148.23419028,240002
BWN40001,-20.0154594878,148.234903385,240003
BWN40001,-20.0155942806,148.234988947,240004
BWN40001,-20.0155942806,148.234988947,250001
BWN40001,-20.0165974176,148.235625182,250002
BWN40001,-20.0167349633,148.235712569,250003
BWN40001,-20.0167349633,148.235712569,260001
BWN40001,-20.0176959044,148.236321479,260002
BWN40001,-20.0175422364,148.236605503,260003
BWN40001,-20.0175422364,148.236605503,270001
BWN40001,-20.0168692246,148.237851105,270002
BWN40001,-20.0168692246,148.237851105,280001
BWN40001,-20.0166125226,148.238325127,280002
BWN40001,-20.0171516899,148.238667391,280003
BWN40001,-20.0171516899,148.238667391,290001
BWN40001,-20.0177541492,148.239050658,290002
BWN40001,-20.0188948999,148.239777178,290003
BWN40001,-20.0187073375,148.240107995,290004
BWN40001,-20.0187073375,148.240107995,300001
BWN40001,-20.017769411,148.241758257,300002
BWN40001,-20.0174273781,148.241540672,300003
BWN40001,-20.0174273781,148.241540672,310001
BWN40001,-20.0166277916,148.241032704,310002
BWN40001,-20.0158095869,148.242477181,310003
BWN40001,-20.0158095869,148.242477181,320001
BWN40001,-20.0155067322,148.243011705,320002
BWN40001,-20.0166448201,148.243740238,320003
BWN40001,-20.0177775808,148.244471801,320004
BWN40001,-20.0169721625,148.245890147,320005
BWN40001,-20.0169721625,148.245890147,330001
BWN40001,-20.016647783,148.246462506,330002
BWN40001,-20.015510731,148.245738688,330003
BWN40001,-20.0147550972,148.245256075,330004
BWN40001,-20.0147550972,148.245256075,340001
BWN40001,-20.0143708482,148.245010197,340002
BWN40001,-20.013864838,148.245899819,340003
BWN40001,-20.013864838,148.245899819,350001
BWN40001,-20.0133295876,148.246841807,350002
BWN40001,-20.0133121697,148.246830889,350003
BWN40001,-20.0132812694,148.246821331,350004
BWN40001,-20.013248696,148.24681659,350005
BWN40001,-20.0132172795,148.24682135,350006
BWN40001,-20.0131859911,148.246830874,350007
BWN40001,-20.0131576094,148.246847939,350008
BWN40001,-20.0131505845,148.246854825,350009
BWN40001,-20.0130319506,148.246800232,350010
BWN40001,-20.0129421084,148.246743818,350011
